Score,EMFL,FLSH,FLSD,SDPM,FLLF,LFMAX,SLAVR,SIZLF,WTPSD,SFDUR,SDPDV,PODUR,THRSH
-0.9220533416174792,30.23527794872215,2.161463056406668,7.54251910940828,16.765577160480046,14.221741626040728,0.9962418901331155,342.33449980270564,145.998996696464,0.580692007100921,20.788819624223045,4.025940910459064,6.939575212825558,78.0
-0.9606065546400032,32.36362394146117,2.6412888901252867,11.190269365642967,23.44910306884521,32.257774204604004,0.9846381637721283,329.91251286200827,157.35375673207756,0.3218844749195097,12.82494392564819,3.9955779369955877,10.99269568738384,78.0
-0.9300942386304084,22.765069811427196,2.044684750280697,9.297932602233226,24.923649922748925,32.04641180256504,0.9925106801147092,341.71225725476023,173.6404418014074,0.3159828642299947,20.527401738120673,4.461503872742508,7.334383483587134,78.0
-0.9086762904550452,31.95565329775197,4.59566513853121,8.096065269462201,21.905631260454456,11.715683358961526,0.9916647682030212,273.79063996296173,168.95329136687147,0.2963979199171771,14.440164818758436,3.0289489535801337,4.390623059279072,78.0
-0.9445896772998615,27.450527626930107,3.4049376032797287,6.893832260247344,17.863437573642855,10.076346623039479,0.9876213549563164,307.5873084036967,153.08304225029866,0.5874450328157707,17.78140376551209,3.5321678240225496,13.732265335816997,78.0
-1.0108782774540863,27.49230125454526,4.276430963011603,9.962623604287032,20.561605423358884,19.507706666018162,0.9804447057583976,296.93507881679625,162.30724490143098,0.6362899052447265,15.788586881820354,3.9712828061599943,10.229381727753946,78.0
-0.7372259850186959,26.12886469988174,3.7363871565537417,6.492454712930077,21.32575746804836,24.643475879241578,0.9948775821463931,292.98303204342466,147.23170023795205,0.2225916146596867,19.32126867160553,3.155151940397153,9.879856451906965,78.0
-1.0651077323441727,24.565416451736844,4.522466486529083,12.65333103575059,18.783118681015747,31.54643893423018,0.9867505810122068,331.2112110513576,170.54564910877835,0.5083254778848748,13.51573800253166,3.2753489294845366,9.092453667124136,78.0
-0.7341676298874261,22.273081295289604,4.619818846364154,7.25388730241461,14.454419924184908,23.42199225120797,0.9885761250670404,335.8597421559354,140.55907464986274,0.37855562773239526,18.045609305158386,4.86215869922352,7.141612265085197,78.0
-0.9967925398292029,30.321476203727705,2.4471579570660875,11.181084813947534,18.397719245315894,15.849882509689776,0.9845964287568983,287.0651165167565,148.44208911161394,0.4895623355999865,16.991869402107994,4.499286209781817,7.539451425112482,78.0
-0.929918755136014,34.408305925625456,3.630448275800317,10.755969038866622,24.323888727390283,13.65514702598404,0.9829004890310267,296.204382204978,157.5308760704757,0.33969969139092293,12.98133041638462,4.007842174384461,11.915660180904341,78.0
-1.143440161852082,23.43131680133401,2.655254692591202,12.684293412741107,24.873394012463585,10.824084358207553,0.9996323406838327,250.84961662918886,145.45320843761067,0.6236226266752252,11.884264880287834,4.709431408440656,5.73612876845636,78.0
-0.9718326495026826,22.68861616593751,4.354020419897672,12.267968396284662,20.911014891084463,10.923608372853288,0.9863061052042508,251.5293249692413,149.41116320116177,0.510096408310266,13.917377454126878,4.304037676881889,15.129762359482289,78.0
-0.9810576990941523,26.992081378766514,2.621328681996599,12.458999712478445,28.187849164138978,13.237735694055651,0.9979927706753616,279.21491668384107,139.02424583135155,0.27195374370262954,19.353950847936986,3.17688502883768,13.157820923276052,78.0
-0.9450219822702466,23.594278309792827,3.256351369768762,7.001123939970478,23.790046956836612,20.98686224450401,0.9878766030267545,330.4673137518215,154.57371018944778,0.5242900684187812,19.601879848025632,4.229762516483124,15.536690737245188,78.0
-1.0425560789824402,28.263170711324914,2.6570375818130283,9.79315890053578,17.66835471249812,11.999848413052984,0.995127241834869,276.4497548501114,147.74110054097346,0.6548708575714093,15.406136147547038,3.8826241916533624,15.047184759253494,78.0
-0.9212597711740739,31.85099567420771,4.578446262970052,9.27849699752962,17.187553605920407,11.575331596022034,0.9815962803815229,263.69895530226887,145.65939943595566,0.5620445381477484,13.524786096756118,3.8435871629404743,9.497638419690873,78.0
-0.8448408230173258,24.64528988208951,2.5310327080197346,7.876215511635801,26.78531571830073,33.85773459312849,0.9874134849072836,296.1750908763564,148.74446202214662,0.3807930301999978,18.558908439223202,4.470652628081727,7.804451071723242,78.0
-0.8975862621055364,22.17530128858345,4.122578007861373,9.075736981561263,27.74442913363454,19.824018618974716,0.9805543001397363,322.61386398251466,179.33174884318282,0.4251992038220371,21.479143277026232,3.3251794167433206,6.554316256572255,78.0
-1.0091985727041373,25.12268062668614,3.2178381081354206,12.296207318581471,28.587646549368266,22.245093509804875,0.9939348855470903,312.7618974591859,173.4450394559761,0.2674238724424189,17.178423116867833,4.616658813666655,13.290725403696065,78.0
-0.7627508316854845,31.511929292610983,4.943600104334786,6.19812671103831,15.591466062413948,13.679901521279888,0.9916176362764962,293.0837282812918,136.01408226586003,0.3428405741669676,15.298362797800294,4.01174243844116,13.068866705320058,78.0
-0.9470692399502513,27.335355542198908,4.4771827710080405,9.783276983033417,19.35774802593751,29.343459541181325,0.9837275709336478,338.92890317862305,164.65044425208288,0.6394859908906669,13.308272953856525,3.4654914081422774,9.478705332880576,78.0
-0.8282267145784845,22.231337179795723,2.11917984448169,8.463356777992171,25.26610155453703,31.33564081318223,0.9846666193883385,344.43036912570074,136.7241975261012,0.2544482575247848,18.759186464513633,3.1356056909187346,15.647768727388959,78.0
-0.8337223617768046,24.1131471541552,2.3861714439277013,11.379181254053321,20.336762922906438,31.601809255385696,0.9898491708120498,250.79836280516304,140.67712679031644,0.26372962729694915,12.994844428945205,3.5411363391117554,4.904541205859296,78.0
-0.9392338986091218,33.18388101694009,4.019878417528711,9.10784131996444,27.480699729508824,24.680025912051647,0.9936344356284937,321.2645561692944,153.65480745531272,0.34899226553473905,20.754344367721067,3.738172694651497,9.241530582393526,78.0
-0.85662190693918,24.144101772755402,3.6609337845543872,9.767000755847915,20.476006781600674,18.478685120691296,0.9908348615573812,288.2057941859842,169.6176524926765,0.2875013724392928,18.925079654681216,3.4173360211808017,15.184297602610465,78.0
-0.8778450354405086,25.774875688489924,2.9713404460176203,12.306834302170145,14.710641394800163,33.46323815678505,0.998573739681478,316.46286502478983,159.77123850536788,0.45071525315023575,11.917580779258424,3.1815642625242573,12.287741428892403,78.0
-0.8688140339307984,34.36951516087909,3.5307478211447845,6.007129142668146,26.4326289193398,29.93265021207668,0.9867302378030908,317.98186313833213,139.65443151057823,0.2918247103485474,18.82575791180514,4.019854473431195,11.06710723618715,78.0
-0.7470550397246651,27.85558773781889,4.821402869139071,11.520845257502373,27.48685061427328,16.998725937203332,0.9995922123799467,331.8777760723367,137.67961232209947,0.25832705320283544,13.106731416114194,3.6727492804373045,6.633252822591841,78.0
-0.8827985607108293,20.777602179801594,3.335039388568058,7.837583020055826,20.940049029869325,28.803699402041904,0.9864354534416294,254.0302988463989,172.22328474407203,0.4357401429076875,13.685637443194192,4.856514628095932,12.822340630322092,78.0
-0.9341953162099457,26.32555946378591,3.0413712039595575,6.497362521403153,18.28478456264591,27.17990634576995,0.9815126974943785,287.6477949471908,160.8038625204407,0.5455808704949904,19.171047616902108,3.585215754333282,7.9509087409043655,78.0
-0.8639296202433465,22.360226003883287,4.1878635235058566,7.858286943178186,21.20635011788441,31.59342017029128,0.9801285792485593,335.6693460648404,167.77289542373663,0.5038670477424385,15.477849664491217,4.248036856375636,15.383162640789934,78.0
-0.8030600483124811,21.42924189802306,2.2033158349338864,8.383479247561509,15.545848347974434,32.026159220454616,0.9957475642827791,265.8418306692544,150.560465002301,0.40277216835895935,21.49865199051939,3.6584395062455823,9.762502251400974,78.0
-1.1252186027670024,27.934432633598753,4.345409820846481,12.076312532810814,24.061617584611383,18.719901239654185,0.9845809200610105,289.80755451385266,160.06437336262852,0.5574457293497723,21.554467150714828,4.746804718300807,13.453310087235401,78.0
-1.0017170747724808,33.509896361304584,4.088151003572375,12.61843159699172,21.70322706116105,12.185816641730963,0.9945904378702567,344.8477874610092,134.4588927463371,0.49372082985699806,14.352453577972117,3.8083649419222123,15.017185909433074,78.0
-1.0937404577487428,25.015842799913276,3.8774389011806107,8.96379124118451,27.902481941077262,18.84822783163044,0.9819875915037698,291.8998728061915,152.0405959305023,0.6095666816880435,14.64555789133519,3.588008887757687,8.88437777146234,78.0
-1.1686062841141394,30.365146075399775,3.2669397470402286,9.654371621338687,24.653264168936666,10.643152882764262,0.9826631846704311,322.5115476135306,175.6372470766172,0.6014919510747462,18.77923024568591,4.96370931930866,14.234866065243304,78.0
-0.9835107131139932,30.406289958852508,3.9203650885449215,11.971921385161625,27.202342475103436,16.57691157866862,0.9970803827050144,308.8206802662219,133.00875984953163,0.30672374370766997,19.575579797226297,3.6843809942735377,14.116731520898568,78.0
-0.8050750835691001,29.04008784345553,4.95996481083614,11.34697962741898,15.395666416277287,30.1069093728187,0.9932782431176151,272.0122754832782,157.2898074033949,0.29055478761944054,15.10350684190043,4.489576958077896,9.440396761892407,78.0
-0.8141897411339083,29.92187176517467,4.698035431661167,10.91067562244303,15.380850498244758,19.89936302871658,0.9863226566743668,297.84519962244383,175.1518484535944,0.3708761384650796,19.155727625055157,3.9365533260476973,14.052623365773368,78.0
-0.9217152900183039,23.535505782976813,3.570366847530889,10.422682193087336,19.650495891254725,23.52406361622335,0.9859347727330793,348.7425770114956,165.3012526721293,0.4969624233257759,21.280022768591486,3.8813459999740023,15.775232216742708,78.0
-0.9279791936756254,21.350209447234967,4.964634582272177,11.03784460617539,22.699098214748844,18.555676910845722,0.9840617337556317,348.25578749179766,144.0554186244774,0.6072473809359084,11.627521724018248,4.602528628479487,14.435013922124744,78.0
-0.7252582692841751,23.673686397411586,4.930859528939177,8.602817660114427,16.375338360770836,20.06776375869657,0.9994465128092611,261.3491228881592,165.56969760155337,0.27988049393416076,18.538268675814347,3.3084398686459235,15.324997873166618,78.0
-1.0587115088832426,33.70566726073555,4.953240219323843,12.148908878355584,19.788798348726125,21.179264112273664,0.9862778014391929,299.21660101127543,144.1813257284376,0.6424258498676512,15.596390765295979,3.6720420574463777,15.223301587059225,78.0
-0.9841877548470213,25.21296344491848,3.264495672038156,10.395498842098402,24.958348265150246,20.216027927258477,0.9844451575156437,312.18941051703035,140.99637311139563,0.49230845334363316,18.06821689107101,4.277790052594957,8.22379077068321,78.0
-1.136881248131558,25.944812226445706,2.795046362855257,11.525572592919328,24.743588015637876,26.59450168093028,0.9994262987775165,338.6818230926837,153.17054526030626,0.5534781305919121,18.084553120819606,4.074060700249702,5.680482991452168,78.0
-1.2202681231845727,27.40472961808784,2.650870887594186,11.65920718788075,25.08943494633921,14.29819109280789,0.9818065703962163,260.8586390907326,169.82858802809514,0.6342670615917795,14.186996444449235,3.2184899695794833,12.49264105657717,78.0
-0.9703111435266139,27.83895036670225,3.8170114019199723,9.51274996075486,26.146112591861613,24.037527293167347,0.9960442569564518,315.7759409379256,165.1927994157616,0.5440954780722237,17.36006343167343,3.7195220065447687,8.7551580849966,78.0
-1.1061047859968027,20.334891053974093,2.1115346269503936,9.253744216392459,26.029598281265528,26.973433910963266,0.9876977901025916,297.95296749989325,172.39136810034807,0.5665848640511959,17.712444033344116,4.698126150083609,15.750491952773524,78.0
-1.0656185021268747,29.344495429314986,4.909644946103688,6.546063397597245,25.63783663471081,12.306515313187994,0.9844338263575861,283.9170089481799,138.48493706584395,0.5350236435156821,14.843789904806847,3.337266246267207,6.576911074120513,78.0
-0.8646626177621984,20.37150935337074,4.881605614011502,12.658274650123914,17.816617216136226,26.782565639106135,0.9809286271876824,284.9571460630522,164.78451218955388,0.32017774620700906,14.73063805343329,3.262272784025714,5.815799707087324,78.0
-0.9273311938676049,20.093152657084644,3.015892699094757,8.980173130137942,20.33899625848612,16.837996058062252,0.9906346316668144,252.53781814945734,152.0713984592214,0.4896753050757586,19.404832991572782,4.985454401510768,9.272499101846355,78.0
-0.7950111545480465,34.10282910591627,4.749115983200243,6.974335907841853,21.512649689823732,15.38273678290065,0.9958615502518074,323.5168059292687,178.75245824963974,0.246107057415487,15.763382220960995,3.7290635916875265,11.868137254611062,78.0
-0.9705680156441427,27.962317081904065,3.7105644631775263,6.994297212133728,28.116950565926416,17.79956156791311,0.9878643021005369,272.8596938828309,147.2579835929891,0.38664771114693164,13.866650121822467,3.906997090161796,13.997075674890322,78.0
-0.8426663770569727,32.654991999344624,3.8369516078190857,9.868966398887538,23.034240132937263,22.101730166414065,0.9814200411510783,260.19959769755775,155.4973577889853,0.25249041022729013,12.42688807399044,4.2515445395081555,15.347007334314696,78.0
-0.8643391700147499,20.52144467129142,3.8069451318445036,9.167426329808023,14.59262748489815,28.728929080985907,0.9940936126238268,343.4338101913279,164.20520130182805,0.5348219515585868,14.961157164010922,4.15819703780823,11.44567756263602,78.0
-0.820355502333249,21.74758301449395,2.5976483706420743,7.652602406533414,23.1482036208809,23.029232763507984,0.9864549171697418,328.9789443448087,165.5152510342541,0.28129880427807685,19.68782532120175,3.619106446071772,9.593442240726215,78.0
-0.8455838994992638,22.72623085981474,3.2098407663329867,7.607307508855006,25.000535492743122,24.117914771208046,0.9976289452348628,265.80601927046956,160.0104996931574,0.4277130990505334,16.23776405217434,4.510891738161691,8.97615138929309,78.0
-0.7794604220202005,30.42906832908582,2.836134496854107,6.889531671048754,25.89286815732767,22.62055400643792,0.9849551239900223,295.17942099264366,162.73438514473008,0.32865155415672564,12.98688266922761,4.981141410380081,6.213228930703979,78.0
-0.7669968505566653,25.013976722899933,3.1950390518156317,12.028117347173321,18.173506954275332,15.318837133502068,0.9825336582540988,326.059468684948,159.56359871262003,0.2614826668345147,16.004433125507028,4.97689009568271,15.076863204025916,78.0
-1.0891768892284586,28.435757888483543,2.705550260651262,10.122853748909108,21.690564460907247,33.27952272025901,0.9803008091969277,281.1346496263102,151.94795948908953,0.5413361601463546,19.241118065432772,4.468391154671193,10.826641817227168,78.0
-0.8780054887037495,28.27523426780745,2.870760948643486,12.08205387251246,20.40314684433613,18.580885818014753,0.995902506301709,322.4742587946297,147.97192211763857,0.23042271403271128,11.092214179025058,4.701651818369484,5.81255895653117,78.0
-0.7975359703047014,29.036683833240826,3.7721949558043066,7.577475366101115,20.68377487864898,20.056552954211174,0.990054158733282,335.7022140446952,176.0506663079081,0.2580908207129618,15.719909687081202,3.5890738635874007,13.45418887231889,78.0
-1.0731284172564197,25.18771846052837,3.45531679413535,10.946037076185387,23.528289068982136,27.8424625531337,0.9886184033509571,304.13231703597,145.79077128997744,0.5619218369165687,20.529190537164094,3.604258982248962,9.9730897625434,78.0
-0.9669214991456967,21.56908174399382,2.3351802193971145,7.012401206802844,23.44858033258724,28.870336966726114,0.9825838094720721,349.74358992292366,149.63172397653364,0.6130716434817297,21.995694863294418,4.682118869380619,8.564242570968268,78.0
-0.7773386944067497,20.362451557322956,3.523915005701512,9.415603284285313,14.052775116658331,30.847657478249836,0.9829236814303032,312.70053764005763,145.33819947506976,0.40228873531431314,16.168758569902735,4.175327360404699,10.234232224148425,78.0
-0.8381147003557554,25.46658906761457,2.1213869617310936,6.886232141799429,23.359864629849806,24.54442647831933,0.9933654443340677,258.03770267782113,144.7404443810501,0.32334296004738733,19.960942632913643,4.519603095998628,13.019698166897967,78.0
-1.0017189542324068,34.57854256517377,4.747553881215266,10.508524430552031,21.632659184897804,29.623696919060233,0.990993251900613,326.7618745709476,141.4680358788461,0.44572248429106054,16.31966164453035,3.969301265522285,10.23403960003337,78.0
-0.8199269778555439,29.209854784578916,3.816254383243161,12.668099450065917,17.293225707871418,13.454019548417858,0.9945884046844863,274.34800989290477,146.1836357743141,0.2989510090542479,16.252805908729894,3.818983020192471,15.70200649571907,78.0
-0.8087002101505523,30.127762897275183,3.7546178563096007,10.04139964587581,18.27505107851909,31.292433261335667,0.9823271160208717,323.5554824443207,138.82861117004802,0.4392917406562895,13.380375181860668,4.10764557364789,6.355120056063654,78.0
-0.8084570739861393,27.543033990831933,2.093327169030152,7.727380931851929,25.030923631408463,22.472550907402997,0.989902705497566,313.6488593490609,157.68697662431995,0.3357494660288287,20.789684079854275,3.6263234623563254,4.218769884117899,78.0
-0.855529586934806,22.842537781367582,3.2272136169481436,6.068324480742109,22.185564660290865,32.878627624544805,0.9911940900996106,270.706718837391,136.01626886058455,0.4578511302759424,18.53993519266274,4.283118405680215,10.809812585605993,78.0
-0.7570681214407246,25.518525125276597,3.165081217765153,12.036775164981055,14.7250874107525,17.17183599426759,0.9857449073148496,348.13796498006116,156.5832964365903,0.2997349930435303,20.32753133034423,3.7474930076277344,8.620494504003581,78.0
-1.0590609323304319,25.057349141540435,2.4507666731344546,9.126389244736554,22.238177238068964,20.868079501789417,0.987626258957166,272.9694327419437,173.35903047141528,0.599734003927682,17.18989838004375,4.42033138683243,14.931758485220117,78.0
-0.9359407218641709,22.406874586287156,2.382056295522267,7.388391142616138,22.870560879582214,11.760226899941774,0.994676574318216,254.9902787200841,134.20566662394467,0.6451701067297893,14.886016731240371,4.118773909283476,9.79502820369244,78.0
-0.9589131240710079,29.708061005617495,4.82651473529407,9.899762980428854,18.839866857791808,10.971626369453412,0.9928972142260601,292.0518623220367,177.9023954328788,0.4774896674362924,17.97441307925483,4.282774995443473,10.515929379821905,78.0
-0.868035837391477,25.820047291533903,3.3830440018771677,10.78008253147738,17.58261956620864,14.380968413674417,0.9979852102508108,318.28117630512924,173.95107561419405,0.3816195356163692,17.3345367989543,4.208605191440535,14.735430248918984,78.0
-1.0591108257351118,33.16148406816642,2.78080983932289,12.779936461927065,19.583466161888325,24.63206835242086,0.9998646321923323,290.7178708576617,163.16818636268252,0.6548542023908154,17.92221926738354,4.3152378142536225,13.457928455062726,78.0
-0.9459284269395603,31.818654364387985,4.844046572779438,10.542391518617926,17.76595254846225,11.468323601702366,0.9815943624376886,346.2301017784889,171.6954208936814,0.48108568830268894,20.89968634928183,4.740264961731456,8.314914813058635,78.0
-1.032908173072447,32.14177955750692,2.5971597477099078,12.886866527375963,18.741788293921218,16.710175254230663,0.9836463205986894,305.53446399046493,175.36289659534918,0.46388061001815273,11.428824554882677,3.106679383408479,10.219332024089027,78.0
-1.1830497281180739,33.34915876992025,3.7500434982209336,11.224988145087508,26.551031632957304,13.15676343763139,0.988579076826694,250.38146521232255,152.68522956983577,0.5977206744811626,19.662149150731878,3.668998445361053,12.554596438490453,78.0
-0.8560660480291963,30.688086857536113,3.474282173931126,6.727092735011966,27.892623468514312,23.741929672508753,0.9835681947683318,317.3914908676416,169.23925185910838,0.26903799598929956,15.674885903445785,4.8993076596449665,11.048616473000155,78.0
-0.885309062305361,31.77240287994643,2.454351689565692,7.869623689076117,28.44696044187714,11.93888014913556,0.9978820535428536,256.35593048238405,160.93789673138946,0.2260715586669716,20.925659450568666,4.069412959489642,10.448054790974979,78.0
-0.8665403666442016,25.82758134217919,4.091837508714202,10.669979465666302,23.025186708827142,21.076437786981625,0.9837901337293812,307.95117597707707,177.13520342785313,0.35159183376910363,16.065240149142536,3.115130215144509,5.0236260896084435,78.0
-0.9339243008658492,22.991668408669064,3.890491969716357,7.907152199064598,28.24724403976873,19.988836071177925,0.992484399554085,306.55060171822026,156.3597567588701,0.3958615784071364,15.907559157709738,4.9920335669088445,5.104912032315828,78.0
-0.9243636908271613,34.492193531891964,2.7602851565273263,11.586338026324192,17.464021152880203,19.39452819406481,0.9942504952426107,342.44958761163934,153.50629290473478,0.48824384785796515,14.822005602654945,3.4188973614838725,15.284149886148832,78.0
-0.9653747216121704,34.08572813423026,4.9281048106078105,12.847553389855982,27.54392762411883,23.456849217916663,0.9861838413356537,289.15784110816327,146.753553806514,0.3597558378470475,19.42989995309221,4.8795584473906795,10.839619927657171,78.0
-1.0004391957454386,30.698795218410467,2.8222406591826568,12.265152956776678,21.958837569133273,25.89401232085062,0.9972803472193866,281.62340417702814,141.84092849236887,0.4651430562122284,19.992962887948703,4.716624548496819,4.601911737537475,78.0
-1.0187484991504976,31.889147041292873,2.8257714734793495,6.742818253730379,18.45260288992992,12.921341160814741,0.9874681929369343,298.48552044110943,176.375211915943,0.6049535882950017,19.274676826530182,3.19579164218187,9.403250189697774,78.0
-1.0189471034791766,24.96069099746077,4.933718935857462,12.4034335666158,27.708033188450912,30.12122814343435,0.99498590799188,321.0760466460732,157.7661020383398,0.4762024433147837,16.282867033125736,4.011872327932652,5.932552588683281,78.0
-0.8555347928137916,23.648436737220802,2.702513397067082,8.386518521866499,21.00020966426174,20.639288865668032,0.9983294833465948,266.40469552156316,153.34058754153028,0.33016810740566005,21.662700702605253,4.011737712327939,11.170875856309781,78.0
-0.802333929718243,34.415404818651496,4.064652438700438,9.58494282761699,19.47459384633244,28.586595900887588,0.988179810529813,325.6958925238024,142.42494546102057,0.23043005630403118,14.46368145022817,4.43755522416423,15.920936373079169,78.0
-0.919531001438768,23.06817532656649,4.440180306709314,10.216720729405273,21.086367437567294,31.97285537011877,0.9909893548006941,305.36110784227117,134.78383483152126,0.49436670991509934,19.539301194891827,4.1668574583926175,13.677630730624323,78.0
-0.924947011438552,28.83024186018269,4.103661945566565,7.972960330827787,16.280324016097858,23.56374568248252,0.9946558940919005,304.8162881575888,141.34715867828479,0.5749904947945308,12.93632320601811,3.8301384841681836,14.332812894296083,78.0
-0.8887802541723139,23.056515290754636,2.910124959852376,12.69397198104611,21.45394356843989,16.315373565652944,0.9801096429012945,300.7201406152735,173.78708370467493,0.33249711379222263,17.665754849247918,3.095095829654098,4.0374352532437605,78.0
-1.1683402205597528,28.322608858662853,2.3317468203485623,12.841252278160798,23.670618839434407,21.81591514377257,0.9887685351904083,259.9603969729202,166.8662655095653,0.6452689140702355,17.12940462365746,4.133511687043244,6.4006645019762285,78.0
-1.0235965908099725,23.024399068860955,2.059278146672767,10.961477813819416,25.749781532328676,24.528976200307433,0.9817680114656345,259.2449487446254,148.86869075007968,0.515668571872158,19.922039110919787,4.296260155129414,5.027881534076919,78.0
-1.0704233444767068,26.238787122564947,2.339687380839546,8.693711736551837,27.476086942694852,29.88000930308707,0.9926395252483701,271.08191929919684,137.79481038507083,0.5935249710086455,16.52760021013315,3.1647349502349287,14.538325442052429,78.0
-0.8259341874070898,28.1539425076817,4.808662681356587,6.260902952175961,17.508615057591363,17.97562633888367,0.9823328725102874,267.9741473885022,158.86626362104792,0.35856217650457656,16.12921233902761,3.2381002108858503,15.607964549361558,78.0
-0.9950434879835871,27.758145826222034,2.9882397720794973,9.548579749207038,24.16210640755019,20.544044438467903,0.9907326793630502,300.8119033396144,164.06303098910607,0.3439052898920605,19.441540955907804,3.8751684627916716,14.239039542051763,78.0
-0.8379031758098854,32.18339952697514,3.1878267544049015,6.026247920470266,22.893814294075575,25.42120126487192,0.9952824879455114,283.09423295810427,140.633799634097,0.22318273635029173,17.84276847510568,3.571131909602278,5.787764117718775,78.0
-0.8675043083723056,28.414406389175483,3.8952573062870046,10.048852060020478,15.47124425547464,14.390775926345095,0.987211290474106,311.5548685775637,143.74084215697602,0.4284438703910081,15.388190624027423,3.9888810863264137,4.515126191305029,78.0
-0.7500264652865173,27.49913131130802,2.7839129604546953,9.60608565929413,17.516382916952065,16.550235488900427,0.9843805669810292,324.214881398072,140.62078845096525,0.2378950793090419,17.301839132276672,4.746704121484327,4.135195566751365,78.0
-0.8662216879258935,21.855055407444024,4.23457237570543,6.375997914216649,18.00570158784317,13.69307820300051,0.9965234095661836,337.4931743372354,170.56331811966584,0.5555852364243434,16.659003909980036,3.319116519218073,8.325196922625626,78.0
-0.943432808208101,23.183511579444584,3.1238331257637437,10.49069564739623,18.043025588061013,17.634309592579285,0.9802113083347939,287.4251274581424,171.2783899410729,0.5912531848670324,20.946543309443705,3.793200387300325,14.780929787120645,78.0
-0.9320638133301696,26.29073478297508,2.2558638363153856,9.654697279450831,26.593299838723382,21.907754518617907,0.9921334645060103,273.3592104502846,149.1291847334005,0.29917704550966046,19.376719025028045,4.483829021851795,11.337765339597551,78.0
-0.9710428658822929,34.94269959395072,2.5733203597560284,8.236240278470229,20.97845692127567,32.38778533677062,0.9968477068347207,259.96507370603166,137.39128546851592,0.43938507006086835,19.175840200728715,4.686563224824697,14.975068028748943,78.0
-0.8597213247471652,34.740165919367804,2.224687558880812,8.341703042579772,28.96514349080532,28.452397449254413,0.997197274061644,328.9106281792144,140.422060707842,0.309690750649448,13.325986566049744,4.664833325754246,13.500498491422785,78.0
-1.0427790008700577,32.17141302524789,3.3981068419485547,10.22847967552978,22.34840271030583,21.04931735799932,0.9810662953377616,267.11028709756954,164.1818916506927,0.4330287206059501,20.914729989612532,4.359219557181489,9.769768505192662,78.0
-0.8885618096389178,30.628598458983248,4.940930901600111,12.478495073500573,14.293383400251695,16.967727200172842,0.9949299183281477,265.1598513340645,169.90825513066937,0.4097839669388801,16.281528066344183,4.956780727184945,6.926721478915552,78.0
-0.8170432270917131,28.240338036452915,3.7086007896510638,10.608492604800396,25.131011951604968,11.847072041205557,0.9829066395420974,266.8797090081353,137.63734193126868,0.298061048481049,14.78936615304424,4.931450877071463,14.134740877786612,78.0
-1.0819306842476635,27.248289695295078,2.3381485326207665,10.401365416147074,24.791936458234268,26.079141834856802,0.9989195637838435,282.82754844679823,162.79568111509482,0.38025759082034355,19.313330827679394,3.3437976281092614,13.053287962318262,78.0
-1.0056656617981068,21.978307733514253,3.44325862412805,8.587137364642354,26.066192378169752,32.9773623672033,0.9833704590092669,291.0467869153206,151.67694313949065,0.6165093223136475,20.112918939481006,4.248142745057919,8.841192790378969,78.0
-0.9219496100431596,21.26190122129895,3.5888659840774495,12.315356264109697,25.772401045013034,24.933988063925057,0.9987153217346709,342.5093588521425,173.66708664095108,0.27846968217084017,17.03221869416904,4.991347852326267,6.008941598100549,78.0
-0.9961339877648634,32.22955588213972,3.3266202687303945,7.962863646979059,20.369598267413583,27.243623311595,0.9963890796599054,339.7024250044424,173.61788599977572,0.5486223500692688,13.184992105975711,4.766204868945433,13.191762308141026,78.0
-0.9400234177619398,20.4991108818052,4.215510783163443,8.376237603035465,28.486198141261852,17.78074410306411,0.9945139651974791,345.9795506201874,138.30411521683445,0.44234647825430684,13.042223025896124,4.868885298346802,8.768630982444407,78.0
-0.9043532500747561,29.299023375191197,4.473062545443481,9.348919816391447,20.485213962251546,14.958046445805028,0.9996920324103397,259.4791998005875,143.35205089191396,0.3770221451474447,16.538369604986727,4.4590247049151035,14.898471833908085,78.0
-1.1775733049440111,26.480934283123986,4.9289056120627475,6.617157314792945,26.951702038413583,13.10447572155373,0.9896952150168039,278.88794553741013,179.28433225495124,0.6514391676536786,14.500885741955122,3.3387785951742046,9.063340491337662,78.0
-0.971156937494539,20.726270255122124,2.5884644051180974,8.83965676021999,26.11437009437773,16.333683596308624,0.99549871305068,270.6350575664023,153.45139057927744,0.46460044498668546,18.8717089058203,3.1617906114678833,8.029186655438462,78.0
-0.8313668073043422,32.534401228693696,4.548010089176245,10.716919184111372,27.96497750061701,25.151662772439536,0.9918742429783463,274.3916766977077,179.25839637046096,0.23473101475729957,18.005989637509835,4.973227512806767,4.647740867840021,78.0
-0.8970663940482555,32.06434937832186,3.483336713946635,7.800784190195408,15.987484998839516,21.028204784070972,0.9855936310717991,341.34557569781043,156.1162621316497,0.5541590482124297,14.457249221228377,4.766942859708092,9.170947327741068,78.0
-1.054130393007065,27.487375258594547,2.70004337704965,6.848633700186141,22.712603865620103,13.99344282648013,0.9858171903831484,281.0448845373495,177.58642057724586,0.6005208849241508,18.001457306433828,3.103113758727546,15.266929403179262,78.0
-0.6893436131473787,23.177025556054026,4.463949762820197,8.795388470592425,16.105437736545912,13.406625186480177,0.9972015243532878,270.0160249660687,173.21524135886278,0.2569198808457989,13.583804951446616,4.1858344615966985,11.986921085679423,78.0
-0.8507308579342294,33.496103660356184,3.980675590489324,11.378012985865883,16.62192935491022,14.97506112708851,0.9856968243388243,274.4100757455668,151.21895417531738,0.2586750553147172,18.710208858791283,3.726310638988299,10.733516818701442,78.0
-0.9855315817834279,20.940926004342636,2.606578103362365,9.37228344593089,21.386893835642944,10.859784892827754,0.9916559331039021,273.3866547286928,179.61661485625584,0.5040311133766984,15.243032662871869,3.2974237341247017,14.97567208021841,78.0
-0.7295727153929433,24.650203011519537,2.0333284868836956,8.45230240118165,14.022990485217415,11.160755455059139,0.9805671362129564,305.6490281744971,159.77284828673666,0.3808822821494911,17.77586177255482,3.849050809587859,14.824228215494195,78.0
-0.8091420827461095,26.749077817227153,4.12624607316663,12.825036088381609,14.144857507905462,20.619123583579444,0.9943581482481566,255.27556297885613,176.96562493446905,0.38423212222021497,14.921980930628786,3.8057072129160527,12.537585671773904,78.0
-0.8874941166760831,21.33322402714744,4.110030052181631,7.636418204204329,25.219393731791577,11.259263019927221,0.9969112202791824,253.00595547074207,161.8352872470625,0.4558758715438401,15.484187151398466,4.1168319023252415,4.067650841767881,78.0
-0.8258567172479429,30.588366027009435,2.358807974815919,7.847563053849746,15.372600415214553,29.833240025281142,0.9865401186326308,259.8838707783753,148.06616647550823,0.49769029666353615,12.21725714180771,3.9945828327475645,5.977229694823716,78.0
-1.1368948326248463,28.10350130757332,2.145184039421872,9.991432540450626,27.15853619453908,22.942187101073138,0.9961792157096929,301.99420497885205,149.40090932280165,0.5087396908034796,20.529101409617994,3.6675627597502887,12.571178159207442,78.0
-0.8726051126156215,20.380304829653312,3.4695805873252863,11.336805675052926,21.583619295836378,14.53969506616148,0.9939000320580402,261.82084892705194,173.6787161737328,0.33724445143362747,18.789071179865093,4.005538681537336,14.908738044366874,78.0
-0.8762323044063711,29.191608061579643,4.75832991916554,7.350426595109199,20.73136087593575,18.760353924268642,0.9935504458723926,308.4459776621686,152.28792740492707,0.353338747261995,16.436478282832375,3.7460471707159044,15.542405673715242,78.0
-0.9388381570805335,20.303592111596576,4.685573929460536,9.569380058865912,26.29028202284745,31.893835010629733,0.9915606409761639,282.22999005993864,179.72105510885686,0.45393101547653036,20.397463867232133,4.585086870104699,10.157788964422622,78.0
-0.8608578365339022,27.148826084025735,4.347204143588306,12.609669183020461,21.569352698011002,18.537747909519915,0.9905697569924483,336.5188265538181,139.3172576960147,0.257658071218666,18.629379439948345,4.220193890578141,7.442973148429379,78.0
-0.9643260268659511,33.282953159866395,4.9735823494472164,7.5667947682010395,20.440250831975884,15.65618996700459,0.9991111805916328,323.9782144455388,179.95064741910443,0.5327974085493887,13.968014963910326,4.068078428076145,10.851022623038343,78.0
-0.9531749936319589,25.85057920121266,3.7897837904126868,8.502362716093218,25.05132903093274,14.0975481146967,0.9970216984995495,278.5111502868648,152.68444201230486,0.4239802735460687,12.64681601025713,3.0685595677774797,9.03097348768976,78.0
-0.9544123277080493,30.04119330480827,2.573094817463025,8.49970172352441,18.34693355082465,20.635373716295348,0.9991168306089102,271.2553801132528,141.60538044335945,0.5801622339739922,14.58322339497202,3.2225009945838,6.561598779709,78.0
-1.0511936088404517,34.79125398742819,4.264847159628494,6.207903357313708,20.212661771959603,27.778644225068856,0.9896045325485902,289.0379693565882,171.0089574791151,0.5706901220663773,19.43146700092431,3.9860973931868164,9.230807067653531,78.0
-0.8510046556285725,24.176246483022624,4.174115049626769,9.57016255022805,21.539961218063503,28.10221393414225,0.9827270995013484,258.18699701354893,175.62669183820108,0.3207882842916071,13.01894967456262,4.350002810908432,14.186667195712722,78.0
-0.9491935215255076,27.982066561352347,3.2973974892492954,11.460903009107273,25.839333288012206,11.985537095570074,0.9980732228149973,256.03974852082456,153.28592762675237,0.2563045145262888,19.6052738731915,4.927949330481496,8.148045444129568,78.0
-0.8048484768186632,33.6374446391515,3.099976962746757,10.918614853007524,23.599551026045784,14.65337515105271,0.9977145302563826,257.8337391829703,144.7744026569849,0.22246781521232586,11.985007718232911,4.032582212331279,9.413517318460787,78.0
-0.9947512957039065,34.9155985827413,3.8754249218798154,12.866118330944143,27.483360459214246,33.20858521028552,0.9822989063891191,328.9415034905276,146.80824718932934,0.3789944352083101,12.579274419873634,4.509441080633981,8.583261679798238,78.0
-0.878583415388977,28.166393418533833,2.721791430964951,9.833199344314345,19.197791862668176,13.522943190447425,0.99139566065497,324.7563743750161,151.15526207295375,0.29308601766175146,19.231769839003725,3.0426564390782964,6.886993831379558,78.0
-0.7672961246777095,21.08255249064599,3.89386241530986,7.4773968697764435,23.898053697791283,27.148130273975433,0.9929903639196943,271.98920809613287,159.86928898996985,0.362043148850387,16.730408444934948,4.5605265228710685,8.128421122321967,78.0
-0.88176884614284,23.62913379114119,4.751920337679055,9.869893543977353,26.084049646299597,16.244247685213075,0.9903058870447052,256.60643238733815,135.85652036710738,0.6458417026972377,11.781885756126707,4.016752873366329,6.474625601343375,78.0
-0.944490804947104,29.45870077936666,4.995233517027171,9.020683856136042,18.11479564553231,22.49713470550421,0.9863334271708131,298.1605247295643,156.60419736106925,0.5163777917504695,15.631788185507334,3.867534112763061,12.816785412771315,78.0
-0.8047022127603178,22.20876579446231,4.996318749435204,11.17521618299591,26.981348770198082,15.088927742091395,0.9879395158384535,303.51289367300524,151.59857099634405,0.3249664461152767,15.105190833010735,4.701040248396871,6.78966420301116,78.0
-0.9143816292226669,26.529353800178583,2.390666223042669,10.256945965195152,15.150996387370576,30.00725425883468,0.9980729849090543,345.0433586375406,148.0206907315905,0.5643550002373863,13.455297523082105,4.655297001105252,10.310910607598391,78.0
-0.8232067108086445,23.01457025409124,2.2199894590175906,7.003152339412656,16.447853513371626,28.348158054081466,0.9878745290287811,301.1584830123785,134.82587326286574,0.4179234763020315,15.233976136829096,3.0068585037025004,9.109187399218246,78.0
-0.8464973180645774,32.633549817862146,2.1667893010984267,11.618088328475821,14.467450485969273,17.695086207098633,0.9848404884033242,330.1903866808942,179.7507054971955,0.2872771375225224,20.921184512000575,4.012858452059491,10.727026897532772,78.0
-0.9214164542783198,28.16506898630292,4.406766802533014,8.986421571320538,18.561464910606077,19.36527425006146,0.982691214754798,292.8766524122273,165.84376471513437,0.5069192907017006,11.849365237417103,3.2271885111595413,10.076880243288214,78.0
-0.8507375049026228,21.086269336603273,3.5253498413283255,6.682464231297475,26.0359433524725,15.388042080289374,0.9914929411915532,291.7182936672959,176.01377032461966,0.4348466507980865,18.83011149402259,4.426687015968993,10.249437929099445,78.0
-0.7794300164382995,24.37080064156316,3.3350594783953245,10.205130718204245,19.569271534997654,21.949698806561244,0.9949376865162883,269.01293120178104,165.70476238692888,0.24018642428833278,17.03858731260207,4.65902433499886,13.703512738985491,78.0
-1.1083664245423004,33.924829407063186,3.588316004196554,12.804594169292704,26.01918044979007,28.813233245661962,0.9984399487171269,285.12600155574285,137.08473091277415,0.523154082177143,12.773338030735719,4.887723451171952,8.710318824031567,78.0
-1.1007088421800213,23.67994703161363,4.021906765942906,11.87469334756089,23.10974367534655,22.61806178267838,0.9905419546111822,327.9712496821936,156.9219347040054,0.5118219164971793,17.815040614773068,3.9624144217859953,8.329449374515116,78.0
-0.9786969040853685,21.016891605964116,3.836338170511647,9.868137174897303,25.433367661516847,24.596647071746162,0.9863518669403402,340.2032125962795,162.44725458159638,0.4678515849875643,19.67975119229539,3.9710801027033904,8.60477084763529,78.0
-0.8738507482761558,22.238418766489858,2.777115228159879,8.550805426970125,20.397486975584336,17.16767885515363,0.9803662229767008,251.72471320330695,156.07398629415715,0.4067965053638736,16.747506364696203,3.304515936017112,10.274424160280361,78.0
-0.8943076944909488,31.580274751491288,4.49105336797401,12.09730799433262,23.796922265397235,13.507143063543856,0.9856835350072686,305.70265529563665,148.77985751086723,0.38902515194924403,11.032328784076707,3.851982755890667,11.547771412909963,78.0
-1.0113858566471983,28.054278425305522,3.708715965228079,6.344022231828318,28.185362980130854,15.445235428608095,0.9801096710465276,325.0132436438494,164.70699527547305,0.45352181306197714,11.303220486871721,3.8558898213209747,8.304856224341432,78.0
-0.9006953496234952,23.644655082761034,3.465885436422779,7.9696629814657065,21.940948202583897,13.6878693059877,0.9986186206588845,349.02388344363226,149.65374626167366,0.49183783593458075,17.39539268589236,3.3999258089989968,8.91926012571702,78.0
-0.9486497263661571,21.092202766922973,3.023512949863455,8.079918064442678,19.374107664427353,14.970471733830149,0.9872045038263567,268.46080603122954,178.30255871676286,0.5470888184779391,14.683142274889736,3.8625755531112818,11.23057725497942,78.0
-0.9851797429372005,32.99247180894043,3.8630330708414813,11.335394947547188,17.224395237595395,15.330266805519546,0.9845450286026685,251.72349472223067,174.89054475495163,0.5411726153950236,15.517010672540513,4.005922687661651,15.264454711174515,78.0
-1.1740132588416572,28.14724819429015,2.9940690726916825,10.564453115101546,26.783461038185067,15.37390539980157,0.9872355749852472,319.2908564468388,163.2498508064755,0.5720091603664722,16.88117818612952,3.271759684984284,14.096276559978476,78.0
-0.8814368655749225,26.761470074511855,3.4293718654806074,8.88224605764091,26.63677827297962,14.927174630293926,0.9866196513073998,323.4394475839839,142.04708801559627,0.5385992003153983,12.120480687148264,4.678501671545594,8.51156085924358,78.0
-0.945832662859161,27.928749573711556,3.7095526954312383,10.396404873490786,19.870124172963777,15.373476885729186,0.9953018492166799,321.5431181665225,173.74189388222425,0.4263029121192728,14.660320658710113,3.85978478439438,9.041655405584626,78.0
-0.8969329721834262,32.91993417488946,4.216110443396967,6.552081395469586,17.245719316693062,21.298872030699307,0.9802839641748632,344.162541548897,174.77740360677876,0.6129235349553932,14.93393406039554,4.2971169732141155,5.7645050158704265,78.0
-0.9078703330679432,27.61850501982544,2.572173227708832,8.325705059831328,16.161583529779804,26.203805627549905,0.9984361150910865,331.58810046972275,144.1682571197185,0.6395437918915081,21.035785785069805,4.297290294174457,7.897513208570965,78.0
-0.8724757620475424,22.124461972150716,2.6855882496804933,8.17056635522422,16.003834534267313,31.959504216240745,0.9874019811250662,272.1314168841748,159.1598597638013,0.5425463139879062,21.93477770611223,4.338055621471722,6.929572771502393,78.0
-1.033982375240064,25.816527947597866,2.35061591983087,11.628581804684478,27.89792001170555,10.370145437108956,0.9911187394510342,302.3300812676435,163.80374865081325,0.3621950214242572,16.136609075501905,3.851486047479134,5.037269084541071,78.0
-0.9423518429623051,21.182753074400463,2.274139224193371,10.986961872535026,26.586219266900308,24.485087953738862,0.9847849346766758,305.3488214330953,148.25717033379252,0.36433993495990724,13.017091850105201,3.117558450334298,8.277504616135031,78.0
-1.0748147451253742,25.337022556415597,3.593208139879593,11.046106795861391,19.723987944170144,10.084856401718351,0.9988391234781571,299.78263165430286,159.0631237143206,0.6533483497032915,14.06779413923714,3.972673175821444,10.41628185028174,78.0
-0.8084491468656886,26.150641711751295,3.2674567113544444,7.583749081938163,25.121184954637584,17.755200817895684,0.9963336699316641,336.1904747199411,146.65729097147025,0.3775029366672106,15.133005371879698,3.9310772225870383,13.594097272925048,78.0
-0.9572851753938147,30.17649220469837,3.172700819929526,11.114949557710723,23.44572793422921,11.760856870309528,0.9953189873552863,321.57333550746114,142.80038612299032,0.3161542253537821,17.089849822660305,3.157943398080386,11.241031824072312,78.0
-1.0154177655517633,27.506728697394003,2.411732545218352,11.160452567333525,18.130680983334788,16.23608106638653,0.99807532457406,323.9657334315894,153.23316478106256,0.5182573286732705,13.06415718589433,4.546946981161773,5.170894844966213,78.0
-0.9355857657667594,32.409199649175406,4.482916357549047,11.741368327493781,28.576185869807873,33.584298616219186,0.9805707784571288,309.55583117034064,142.55934053389353,0.41700829325756594,12.506502375105754,4.785519537511467,6.046800322908487,78.0
-1.1385439293150383,25.430982758277594,4.9460753571411225,12.204350028177387,22.909248346577165,22.738554308974717,0.9983718508839101,293.8464813987687,156.49918601988543,0.6276163267868697,19.44057715118626,3.527376466848138,11.077355656449189,78.0
-1.0130435378823979,32.96481035082493,3.0460307797876873,12.113826890238547,21.241263516391996,12.89222722531337,0.9984482999531825,267.81728251745915,155.7801782810457,0.4458461792549705,19.124743068284708,4.370936164796018,11.085086486907516,78.0
-0.9516434894668954,29.972312580163212,4.852251772146337,6.6053210830087945,27.84191714016594,22.848350986953783,0.9922191580379074,302.2648923827826,165.90953254140783,0.4041290582300583,13.22649724718285,3.92940230267188,5.369395011075265,78.0
-0.8779973126597654,32.66167512211932,4.452945045987493,7.3214466865874135,20.616596593408413,18.875781750266206,0.9987499800710982,347.25787334139653,153.54086506244505,0.3105715923763122,19.718701921632316,3.6317526442388877,12.108680375175746,78.0
-1.1522441265409467,32.97983251204927,2.4538733471848593,10.62464584391111,25.500682491001307,14.699036384162406,0.9801703546182575,298.8052077906102,142.69347749936267,0.5383660270324065,14.563787674590094,3.562071876561849,7.532965502717181,78.0
-0.8773517190791832,31.966295416640193,3.7922666433630408,10.249116295867942,23.828486723424113,28.107786003124392,0.9889207285335522,284.9431406656457,138.45257686481798,0.4153011676846047,14.743568487140646,3.5511203102307123,4.262350798785773,78.0
-0.7219752978640844,26.022931012151858,2.5350238957662476,7.110319044909335,14.963680939618033,22.867125788849464,0.9992472898245863,299.8782507240852,152.32381884383994,0.3544896793324288,14.068402986732035,4.295476037022567,9.946968844941127,78.0
-0.8353089628099103,32.087254727042016,3.2793462294496063,7.114182588155697,14.981716449568456,28.616482572087776,0.9835472564683531,306.027103129382,169.94783079056364,0.5612445324988553,11.614194582684345,3.6495216107727244,6.133537237877146,78.0
-0.912261479635653,22.26826292862445,3.204875148081398,11.903508645390513,23.911524239099947,14.830766474247195,0.9984662199546676,257.62027694611436,153.33200874401598,0.3123777325280329,12.940429972779611,3.9349121474337885,4.695789979272296,78.0
-0.969876858925519,31.772121280979988,2.0381051715459066,6.492327580604466,19.11929322592095,21.932320027840156,0.9812428492472148,253.39974061584678,134.25473301274712,0.5509624585075823,19.269451766541614,3.870054237829992,15.643468568616392,78.0
-0.6802897300262655,28.95974032110381,3.718158769479266,8.025792238795484,16.146085571579903,18.14937435701743,0.9928434791015764,348.47386633823396,170.1430278155952,0.2209756104310402,12.361509798688358,4.258668390551048,7.269176008626317,78.0
-0.7638056261165679,26.717811942229865,2.6418315486264166,6.362641282589079,16.991788737502517,18.895208266540696,0.9968733770704375,294.690388951625,177.9963152619494,0.28965927086468474,14.436500891724847,3.22481499215503,5.918749679741028,78.0
-0.9236421201575081,20.959470837464014,2.8378039506451613,6.072105480268375,22.454734055051663,28.261560436071367,0.9814959873655975,284.27311431490324,134.58023887731085,0.6003538168410496,16.778909334041465,3.7827918442538824,15.003025849779457,78.0
-0.7097333954995343,27.9931341075403,4.9631928142117,6.340121339545532,19.174177562682758,16.43387014161251,0.9805300628733682,299.20048928516735,141.1497850084352,0.24650277567827725,15.176754710970872,4.362332401078799,5.415024760821351,78.0
-0.9898930231710679,21.5004631818443,4.669809875457027,6.926015433791502,28.504793036628357,24.903927154719124,0.9915189907420532,250.24003112846174,138.86693006858246,0.6575412505451368,17.91535183513341,4.883129164261213,12.841396387074496,78.0
-0.7710668962767261,25.554821748279508,4.241526114031113,10.161575119708056,15.453164319827177,23.19218407233227,0.9988646173141856,328.85527291166886,136.09275752914868,0.41596888479324257,20.341150013457273,3.7106033095028925,12.407913572341673,78.0
-0.8647973723007705,29.036828650789953,2.7245657279985944,8.203060852731038,14.409400735394009,18.946466827658902,0.980548267468146,315.3527944911819,152.47285691741197,0.5905391651214602,15.61784730147886,4.43365401287113,4.926420903688843,78.0
-1.021511929894483,33.65477802710971,3.745482588625229,11.719882930950963,19.550087461142784,17.9733996007981,0.9838578009173082,317.23081797726724,133.47058320700222,0.5072865886583374,11.757350290662362,3.9608939688720564,10.6413967676744,78.0
-0.8274168268233161,30.312306912549754,3.316583563723661,7.381870483630719,18.613553889025457,24.88021366299991,0.988409201452924,329.35263716773096,161.67068477045072,0.27467785732231603,18.022135605925452,3.486446281794505,13.119767489101067,78.0
-1.133511596487263,33.45629099657505,2.181746652415736,9.101268012046916,28.690950453159992,16.537121191554625,0.9988086998469874,299.63580909838765,179.62019626719368,0.4725932760999081,21.478467278405464,4.3789917916521715,13.881797506623723,78.0
-0.7348371188879896,20.205446421063954,2.1356186662995036,7.074767515346309,25.038196199835454,20.169007331449915,0.9894988109879423,303.0796899876284,162.7905307060846,0.2335952275338523,14.986544422613129,4.634754043740071,14.702534053761617,78.0
-0.8661399641031929,25.39321274479212,3.8951568594835497,7.858917617688313,21.911055782374877,17.17459434591972,0.9946511742332868,321.29120320146893,161.84417200245048,0.4565464708293172,16.42166047419524,3.135358494740175,10.104516600077096,78.0
-1.1199207897021801,28.138033027820903,4.182128579573419,9.642348813548878,22.412085424837166,22.278358463941768,0.9808577937414044,270.68046503762963,148.80005360342128,0.6166016629822307,21.771449755463827,3.7905728769647955,13.88910274735175,78.0
-0.9159584198217131,23.202306995048815,4.155047197862909,11.436592705647751,17.399465233587936,18.765583911691188,0.9883474007854692,332.9482392720946,159.58138665850154,0.5583147824719129,13.107465075531698,4.602761736474597,10.97545884471358,78.0
-0.8495043033419007,28.75400098547174,3.3925417688278428,12.920002619517762,18.168651793047008,32.862164193827184,0.9892401813235836,340.2179090839977,157.52093271701898,0.27269618546917684,15.702085139948196,3.2373742629353477,14.401512018978403,78.0
