Score,EMFL,FLSH,FLSD,SDPM,FLLF,LFMAX,SLAVR,SIZLF,WTPSD,SFDUR,SDPDV,PODUR,THRSH
-0.9918133119604381,30.23527794872215,2.161463056406668,7.54251910940828,16.765577160480046,14.221741626040728,0.9962418901331155,342.33449980270564,145.998996696464,0.580692007100921,20.788819624223045,4.025940910459064,6.939575212825558,78.0
-1.004939055516453,32.36362394146117,2.6412888901252867,11.190269365642967,23.44910306884521,32.257774204604004,0.9846381637721283,329.91251286200827,157.35375673207756,0.3218844749195097,12.82494392564819,3.9955779369955877,10.99269568738384,78.0
-0.977073623416029,22.765069811427196,2.044684750280697,9.297932602233226,24.923649922748925,32.04641180256504,0.9925106801147092,341.71225725476023,173.6404418014074,0.3159828642299947,20.527401738120673,4.461503872742508,7.334383483587134,78.0
-0.9622834930282919,31.95565329775197,4.59566513853121,8.096065269462201,21.905631260454456,11.715683358961526,0.9916647682030212,273.79063996296173,168.95329136687147,0.2963979199171771,14.440164818758436,3.0289489535801337,4.390623059279072,78.0
-0.9992569906071813,27.450527626930107,3.4049376032797287,6.893832260247344,17.863437573642855,10.076346623039479,0.9876213549563164,307.5873084036967,153.08304225029866,0.5874450328157707,17.78140376551209,3.5321678240225496,13.732265335816997,78.0
-1.0824341717942723,27.49230125454526,4.276430963011603,9.962623604287032,20.561605423358884,19.507706666018162,0.9804447057583976,296.93507881679625,162.30724490143098,0.6362899052447265,15.788586881820354,3.9712828061599943,10.229381727753946,78.0
-0.7811258758180534,26.12886469988174,3.7363871565537417,6.492454712930077,21.32575746804836,24.643475879241578,0.9948775821463931,292.98303204342466,147.23170023795205,0.2225916146596867,19.32126867160553,3.155151940397153,9.879856451906965,78.0
-1.1187324817742297,24.565416451736844,4.522466486529083,12.65333103575059,18.783118681015747,31.54643893423018,0.9867505810122068,331.2112110513576,170.54564910877835,0.5083254778848748,13.51573800253166,3.2753489294845366,9.092453667124136,78.0
-0.7691599937985129,22.273081295289604,4.619818846364154,7.25388730241461,14.454419924184908,23.42199225120797,0.9885761250670404,335.8597421559354,140.55907464986274,0.37855562773239526,18.045609305158386,4.86215869922352,7.141612265085197,78.0
-1.0367062550666861,30.321476203727705,2.4471579570660875,11.181084813947534,18.397719245315894,15.849882509689776,0.9845964287568983,287.0651165167565,148.44208911161394,0.4895623355999865,16.991869402107994,4.499286209781817,7.539451425112482,78.0
-0.9793659629266238,34.408305925625456,3.630448275800317,10.755969038866622,24.323888727390283,13.65514702598404,0.9829004890310267,296.204382204978,157.5308760704757,0.33969969139092293,12.98133041638462,4.007842174384461,11.915660180904341,78.0
-1.1889037029093137,23.43131680133401,2.655254692591202,12.684293412741107,24.873394012463585,10.824084358207553,0.9996323406838327,250.84961662918886,145.45320843761067,0.6236226266752252,11.884264880287834,4.709431408440656,5.73612876845636,78.0
-1.0343452124214565,22.68861616593751,4.354020419897672,12.267968396284662,20.911014891084463,10.923608372853288,0.9863061052042508,251.5293249692413,149.41116320116177,0.510096408310266,13.917377454126878,4.304037676881889,15.129762359482289,78.0
-1.0117240691475693,26.992081378766514,2.621328681996599,12.458999712478445,28.187849164138978,13.237735694055651,0.9979927706753616,279.21491668384107,139.02424583135155,0.27195374370262954,19.353950847936986,3.17688502883768,13.157820923276052,78.0
-0.9977921613029846,23.594278309792827,3.256351369768762,7.001123939970478,23.790046956836612,20.98686224450401,0.9878766030267545,330.4673137518215,154.57371018944778,0.5242900684187812,19.601879848025632,4.229762516483124,15.536690737245188,78.0
-1.1032431900006883,28.263170711324914,2.6570375818130283,9.79315890053578,17.66835471249812,11.999848413052984,0.995127241834869,276.4497548501114,147.74110054097346,0.6548708575714093,15.406136147547038,3.8826241916533624,15.047184759253494,78.0
-0.9901867609440762,31.85099567420771,4.578446262970052,9.27849699752962,17.187553605920407,11.575331596022034,0.9815962803815229,263.69895530226887,145.65939943595566,0.5620445381477484,13.524786096756118,3.8435871629404743,9.497638419690873,78.0
-0.8955573524524523,24.64528988208951,2.5310327080197346,7.876215511635801,26.78531571830073,33.85773459312849,0.9874134849072836,296.1750908763564,148.74446202214662,0.3807930301999978,18.558908439223202,4.470652628081727,7.804451071723242,78.0
-0.9411455057726401,22.17530128858345,4.122578007861373,9.075736981561263,27.74442913363454,19.824018618974716,0.9805543001397363,322.61386398251466,179.33174884318282,0.4251992038220371,21.479143277026232,3.3251794167433206,6.554316256572255,78.0
-1.027542293745057,25.12268062668614,3.2178381081354206,12.296207318581471,28.587646549368266,22.245093509804875,0.9939348855470903,312.7618974591859,173.4450394559761,0.2674238724424189,17.178423116867833,4.616658813666655,13.290725403696065,78.0
-0.8109605547216574,31.511929292610983,4.943600104334786,6.19812671103831,15.591466062413948,13.679901521279888,0.9916176362764962,293.0837282812918,136.01408226586003,0.3428405741669676,15.298362797800294,4.01174243844116,13.068866705320058,78.0
-1.0129407986176049,27.335355542198908,4.4771827710080405,9.783276983033417,19.35774802593751,29.343459541181325,0.9837275709336478,338.92890317862305,164.65044425208288,0.6394859908906669,13.308272953856525,3.4654914081422774,9.478705332880576,78.0
-0.883474367738264,22.231337179795723,2.11917984448169,8.463356777992171,25.26610155453703,31.33564081318223,0.9846666193883385,344.43036912570074,136.7241975261012,0.2544482575247848,18.759186464513633,3.1356056909187346,15.647768727388959,78.0
-0.8809117547130071,24.1131471541552,2.3861714439277013,11.379181254053321,20.336762922906438,31.601809255385696,0.9898491708120498,250.79836280516304,140.67712679031644,0.26372962729694915,12.994844428945205,3.5411363391117554,4.904541205859296,78.0
-0.982693328687967,33.18388101694009,4.019878417528711,9.10784131996444,27.480699729508824,24.680025912051647,0.9936344356284937,321.2645561692944,153.65480745531272,0.34899226553473905,20.754344367721067,3.738172694651497,9.241530582393526,78.0
-0.9101861993589175,24.144101772755402,3.6609337845543872,9.767000755847915,20.476006781600674,18.478685120691296,0.9908348615573812,288.2057941859842,169.6176524926765,0.2875013724392928,18.925079654681216,3.4173360211808017,15.184297602610465,78.0
-0.9303670668861506,25.774875688489924,2.9713404460176203,12.306834302170145,14.710641394800163,33.46323815678505,0.998573739681478,316.46286502478983,159.77123850536788,0.45071525315023575,11.917580779258424,3.1815642625242573,12.287741428892403,78.0
-0.9234184581252197,34.36951516087909,3.5307478211447845,6.007129142668146,26.4326289193398,29.93265021207668,0.9867302378030908,317.98186313833213,139.65443151057823,0.2918247103485474,18.82575791180514,4.019854473431195,11.06710723618715,78.0
-0.8082523858039609,27.85558773781889,4.821402869139071,11.520845257502373,27.48685061427328,16.998725937203332,0.9995922123799467,331.8777760723367,137.67961232209947,0.25832705320283544,13.106731416114194,3.6727492804373045,6.633252822591841,78.0
-0.9258679000485016,20.777602179801594,3.335039388568058,7.837583020055826,20.940049029869325,28.803699402041904,0.9864354534416294,254.0302988463989,172.22328474407203,0.4357401429076875,13.685637443194192,4.856514628095932,12.822340630322092,78.0
-0.994785924671219,26.32555946378591,3.0413712039595575,6.497362521403153,18.28478456264591,27.17990634576995,0.9815126974943785,287.6477949471908,160.8038625204407,0.5455808704949904,19.171047616902108,3.585215754333282,7.9509087409043655,78.0
-0.9086253389902087,22.360226003883287,4.1878635235058566,7.858286943178186,21.20635011788441,31.59342017029128,0.9801285792485593,335.6693460648404,167.77289542373663,0.5038670477424385,15.477849664491217,4.248036856375636,15.383162640789934,78.0
-0.8372308140252316,21.42924189802306,2.2033158349338864,8.383479247561509,15.545848347974434,32.026159220454616,0.9957475642827791,265.8418306692544,150.560465002301,0.40277216835895935,21.49865199051939,3.6584395062455823,9.762502251400974,78.0
-1.147093721537088,27.934432633598753,4.345409820846481,12.076312532810814,24.061617584611383,18.719901239654185,0.9845809200610105,289.80755451385266,160.06437336262852,0.5574457293497723,21.554467150714828,4.746804718300807,13.453310087235401,78.0
-1.0452206382736702,33.509896361304584,4.088151003572375,12.61843159699172,21.70322706116105,12.185816641730963,0.9945904378702567,344.8477874610092,134.4588927463371,0.49372082985699806,14.352453577972117,3.8083649419222123,15.017185909433074,78.0
-1.1400997556186998,25.015842799913276,3.8774389011806107,8.96379124118451,27.902481941077262,18.84822783163044,0.9819875915037698,291.8998728061915,152.0405959305023,0.6095666816880435,14.64555789133519,3.588008887757687,8.88437777146234,78.0
-1.2045243101464018,30.365146075399775,3.2669397470402286,9.654371621338687,24.653264168936666,10.643152882764262,0.9826631846704311,322.5115476135306,175.6372470766172,0.6014919510747462,18.77923024568591,4.96370931930866,14.234866065243304,78.0
-1.0054391491618868,30.406289958852508,3.9203650885449215,11.971921385161625,27.202342475103436,16.57691157866862,0.9970803827050144,308.8206802662219,133.00875984953163,0.30672374370766997,19.575579797226297,3.6843809942735377,14.116731520898568,78.0
-0.8653119639879248,29.04008784345553,4.95996481083614,11.34697962741898,15.395666416277287,30.1069093728187,0.9932782431176151,272.0122754832782,157.2898074033949,0.29055478761944054,15.10350684190043,4.489576958077896,9.440396761892407,78.0
-0.8769717451496071,29.92187176517467,4.698035431661167,10.91067562244303,15.380850498244758,19.89936302871658,0.9863226566743668,297.84519962244383,175.1518484535944,0.3708761384650796,19.155727625055157,3.9365533260476973,14.052623365773368,78.0
-0.9731338408409186,23.535505782976813,3.570366847530889,10.422682193087336,19.650495891254725,23.52406361622335,0.9859347727330793,348.7425770114956,165.3012526721293,0.4969624233257759,21.280022768591486,3.8813459999740023,15.775232216742708,78.0
-0.9703243644229232,21.350209447234967,4.964634582272177,11.03784460617539,22.699098214748844,18.555676910845722,0.9840617337556317,348.25578749179766,144.0554186244774,0.6072473809359084,11.627521724018248,4.602528628479487,14.435013922124744,78.0
-0.7666506638827677,23.673686397411586,4.930859528939177,8.602817660114427,16.375338360770836,20.06776375869657,0.9994465128092611,261.3491228881592,165.56969760155337,0.27988049393416076,18.538268675814347,3.3084398686459235,15.324997873166618,78.0
-1.1133939544549776,33.70566726073555,4.953240219323843,12.148908878355584,19.788798348726125,21.179264112273664,0.9862778014391929,299.21660101127543,144.1813257284376,0.6424258498676512,15.596390765295979,3.6720420574463777,15.223301587059225,78.0
-1.0397866143344234,25.21296344491848,3.264495672038156,10.395498842098402,24.958348265150246,20.216027927258477,0.9844451575156437,312.18941051703035,140.99637311139563,0.49230845334363316,18.06821689107101,4.277790052594957,8.22379077068321,78.0
-1.1708423872174303,25.944812226445706,2.795046362855257,11.525572592919328,24.743588015637876,26.59450168093028,0.9994262987775165,338.6818230926837,153.17054526030626,0.5534781305919121,18.084553120819606,4.074060700249702,5.680482991452168,78.0
-1.2469247074860776,27.40472961808784,2.650870887594186,11.65920718788075,25.08943494633921,14.29819109280789,0.9818065703962163,260.8586390907326,169.82858802809514,0.6342670615917795,14.186996444449235,3.2184899695794833,12.49264105657717,78.0
-1.0252182192122554,27.83895036670225,3.8170114019199723,9.51274996075486,26.146112591861613,24.037527293167347,0.9960442569564518,315.7759409379256,165.1927994157616,0.5440954780722237,17.36006343167343,3.7195220065447687,8.7551580849966,78.0
-1.160788877598554,20.334891053974093,2.1115346269503936,9.253744216392459,26.029598281265528,26.973433910963266,0.9876977901025916,297.95296749989325,172.39136810034807,0.5665848640511959,17.712444033344116,4.698126150083609,15.750491952773524,78.0
-1.118760292759661,29.344495429314986,4.909644946103688,6.546063397597245,25.63783663471081,12.306515313187994,0.9844338263575861,283.9170089481799,138.48493706584395,0.5350236435156821,14.843789904806847,3.337266246267207,6.576911074120513,78.0
-0.909275162001996,20.37150935337074,4.881605614011502,12.658274650123914,17.816617216136226,26.782565639106135,0.9809286271876824,284.9571460630522,164.78451218955388,0.32017774620700906,14.73063805343329,3.262272784025714,5.815799707087324,78.0
-0.9874774393160825,20.093152657084644,3.015892699094757,8.980173130137942,20.33899625848612,16.837996058062252,0.9906346316668144,252.53781814945734,152.0713984592214,0.4896753050757586,19.404832991572782,4.985454401510768,9.272499101846355,78.0
-0.8644758440451151,34.10282910591627,4.749115983200243,6.974335907841853,21.512649689823732,15.38273678290065,0.9958615502518074,323.5168059292687,178.75245824963974,0.246107057415487,15.763382220960995,3.7290635916875265,11.868137254611062,78.0
-1.0260463301793818,27.962317081904065,3.7105644631775263,6.994297212133728,28.116950565926416,17.79956156791311,0.9878643021005369,272.8596938828309,147.2579835929891,0.38664771114693164,13.866650121822467,3.906997090161796,13.997075674890322,78.0
-0.8929714156643314,32.654991999344624,3.8369516078190857,9.868966398887538,23.034240132937263,22.101730166414065,0.9814200411510783,260.19959769755775,155.4973577889853,0.25249041022729013,12.42688807399044,4.2515445395081555,15.347007334314696,78.0
-0.9074786313404888,20.52144467129142,3.8069451318445036,9.167426329808023,14.59262748489815,28.728929080985907,0.9940936126238268,343.4338101913279,164.20520130182805,0.5348219515585868,14.961157164010922,4.15819703780823,11.44567756263602,78.0
-0.8670100010859697,21.74758301449395,2.5976483706420743,7.652602406533414,23.1482036208809,23.029232763507984,0.9864549171697418,328.9789443448087,165.5152510342541,0.28129880427807685,19.68782532120175,3.619106446071772,9.593442240726215,78.0
-0.887983698075055,22.72623085981474,3.2098407663329867,7.607307508855006,25.000535492743122,24.117914771208046,0.9976289452348628,265.80601927046956,160.0104996931574,0.4277130990505334,16.23776405217434,4.510891738161691,8.97615138929309,78.0
-0.8143182282912373,30.42906832908582,2.836134496854107,6.889531671048754,25.89286815732767,22.62055400643792,0.9849551239900223,295.17942099264366,162.73438514473008,0.32865155415672564,12.98688266922761,4.981141410380081,6.213228930703979,78.0
-0.8143222392402371,25.013976722899933,3.1950390518156317,12.028117347173321,18.173506954275332,15.318837133502068,0.9825336582540988,326.059468684948,159.56359871262003,0.2614826668345147,16.004433125507028,4.97689009568271,15.076863204025916,78.0
-1.1325592007589431,28.435757888483543,2.705550260651262,10.122853748909108,21.690564460907247,33.27952272025901,0.9803008091969277,281.1346496263102,151.94795948908953,0.5413361601463546,19.241118065432772,4.468391154671193,10.826641817227168,78.0
-0.9295528036936088,28.27523426780745,2.870760948643486,12.08205387251246,20.40314684433613,18.580885818014753,0.995902506301709,322.4742587946297,147.97192211763857,0.23042271403271128,11.092214179025058,4.701651818369484,5.81255895653117,78.0
-0.852282969305466,29.036683833240826,3.7721949558043066,7.577475366101115,20.68377487864898,20.056552954211174,0.990054158733282,335.7022140446952,176.0506663079081,0.2580908207129618,15.719909687081202,3.5890738635874007,13.45418887231889,78.0
-1.1126140964565852,25.18771846052837,3.45531679413535,10.946037076185387,23.528289068982136,27.8424625531337,0.9886184033509571,304.13231703597,145.79077128997744,0.5619218369165687,20.529190537164094,3.604258982248962,9.9730897625434,78.0
-1.0228735472374917,21.56908174399382,2.3351802193971145,7.012401206802844,23.44858033258724,28.870336966726114,0.9825838094720721,349.74358992292366,149.63172397653364,0.6130716434817297,21.995694863294418,4.682118869380619,8.564242570968268,78.0
-0.8096513904051075,20.362451557322956,3.523915005701512,9.415603284285313,14.052775116658331,30.847657478249836,0.9829236814303032,312.70053764005763,145.33819947506976,0.40228873531431314,16.168758569902735,4.175327360404699,10.234232224148425,78.0
-0.8959458565724433,25.46658906761457,2.1213869617310936,6.886232141799429,23.359864629849806,24.54442647831933,0.9933654443340677,258.03770267782113,144.7404443810501,0.32334296004738733,19.960942632913643,4.519603095998628,13.019698166897967,78.0
-1.051067662942901,34.57854256517377,4.747553881215266,10.508524430552031,21.632659184897804,29.623696919060233,0.990993251900613,326.7618745709476,141.4680358788461,0.44572248429106054,16.31966164453035,3.969301265522285,10.23403960003337,78.0
-0.8644043162314392,29.209854784578916,3.816254383243161,12.668099450065917,17.293225707871418,13.454019548417858,0.9945884046844863,274.34800989290477,146.1836357743141,0.2989510090542479,16.252805908729894,3.818983020192471,15.70200649571907,78.0
-0.8852047122660915,30.127762897275183,3.7546178563096007,10.04139964587581,18.27505107851909,31.292433261335667,0.9823271160208717,323.5554824443207,138.82861117004802,0.4392917406562895,13.380375181860668,4.10764557364789,6.355120056063654,78.0
-0.8522994900522373,27.543033990831933,2.093327169030152,7.727380931851929,25.030923631408463,22.472550907402997,0.989902705497566,313.6488593490609,157.68697662431995,0.3357494660288287,20.789684079854275,3.6263234623563254,4.218769884117899,78.0
-0.9015285638125977,22.842537781367582,3.2272136169481436,6.068324480742109,22.185564660290865,32.878627624544805,0.9911940900996106,270.706718837391,136.01626886058455,0.4578511302759424,18.53993519266274,4.283118405680215,10.809812585605993,78.0
-0.7958704574454827,25.518525125276597,3.165081217765153,12.036775164981055,14.7250874107525,17.17183599426759,0.9857449073148496,348.13796498006116,156.5832964365903,0.2997349930435303,20.32753133034423,3.7474930076277344,8.620494504003581,78.0
-1.111824105897126,25.057349141540435,2.4507666731344546,9.126389244736554,22.238177238068964,20.868079501789417,0.987626258957166,272.9694327419437,173.35903047141528,0.599734003927682,17.18989838004375,4.42033138683243,14.931758485220117,78.0
-0.981356706747385,22.406874586287156,2.382056295522267,7.388391142616138,22.870560879582214,11.760226899941774,0.994676574318216,254.9902787200841,134.20566662394467,0.6451701067297893,14.886016731240371,4.118773909283476,9.79502820369244,78.0
-1.0188639506621948,29.708061005617495,4.82651473529407,9.899762980428854,18.839866857791808,10.971626369453412,0.9928972142260601,292.0518623220367,177.9023954328788,0.4774896674362924,17.97441307925483,4.282774995443473,10.515929379821905,78.0
-0.9094242679777447,25.820047291533903,3.3830440018771677,10.78008253147738,17.58261956620864,14.380968413674417,0.9979852102508108,318.28117630512924,173.95107561419405,0.3816195356163692,17.3345367989543,4.208605191440535,14.735430248918984,78.0
-1.103924820014647,33.16148406816642,2.78080983932289,12.779936461927065,19.583466161888325,24.63206835242086,0.9998646321923323,290.7178708576617,163.16818636268252,0.6548542023908154,17.92221926738354,4.3152378142536225,13.457928455062726,78.0
-1.0144242192282915,31.818654364387985,4.844046572779438,10.542391518617926,17.76595254846225,11.468323601702366,0.9815943624376886,346.2301017784889,171.6954208936814,0.48108568830268894,20.89968634928183,4.740264961731456,8.314914813058635,78.0
-1.0748123470558317,32.14177955750692,2.5971597477099078,12.886866527375963,18.741788293921218,16.710175254230663,0.9836463205986894,305.53446399046493,175.36289659534918,0.46388061001815273,11.428824554882677,3.106679383408479,10.219332024089027,78.0
-1.207198365065445,33.34915876992025,3.7500434982209336,11.224988145087508,26.551031632957304,13.15676343763139,0.988579076826694,250.38146521232255,152.68522956983577,0.5977206744811626,19.662149150731878,3.668998445361053,12.554596438490453,78.0
-0.9064777086557564,30.688086857536113,3.474282173931126,6.727092735011966,27.892623468514312,23.741929672508753,0.9835681947683318,317.3914908676416,169.23925185910838,0.26903799598929956,15.674885903445785,4.8993076596449665,11.048616473000155,78.0
-0.9285353999970151,31.77240287994643,2.454351689565692,7.869623689076117,28.44696044187714,11.93888014913556,0.9978820535428536,256.35593048238405,160.93789673138946,0.2260715586669716,20.925659450568666,4.069412959489642,10.448054790974979,78.0
-0.9181301145976525,25.82758134217919,4.091837508714202,10.669979465666302,23.025186708827142,21.076437786981625,0.9837901337293812,307.95117597707707,177.13520342785313,0.35159183376910363,16.065240149142536,3.115130215144509,5.0236260896084435,78.0
-0.9539761852376694,22.991668408669064,3.890491969716357,7.907152199064598,28.24724403976873,19.988836071177925,0.992484399554085,306.55060171822026,156.3597567588701,0.3958615784071364,15.907559157709738,4.9920335669088445,5.104912032315828,78.0
-0.9937782055891069,34.492193531891964,2.7602851565273263,11.586338026324192,17.464021152880203,19.39452819406481,0.9942504952426107,342.44958761163934,153.50629290473478,0.48824384785796515,14.822005602654945,3.4188973614838725,15.284149886148832,78.0
-0.989632236756097,34.08572813423026,4.9281048106078105,12.847553389855982,27.54392762411883,23.456849217916663,0.9861838413356537,289.15784110816327,146.753553806514,0.3597558378470475,19.42989995309221,4.8795584473906795,10.839619927657171,78.0
-1.0357847966704667,30.698795218410467,2.8222406591826568,12.265152956776678,21.958837569133273,25.89401232085062,0.9972803472193866,281.62340417702814,141.84092849236887,0.4651430562122284,19.992962887948703,4.716624548496819,4.601911737537475,78.0
-1.0919985091483273,31.889147041292873,2.8257714734793495,6.742818253730379,18.45260288992992,12.921341160814741,0.9874681929369343,298.48552044110943,176.375211915943,0.6049535882950017,19.274676826530182,3.19579164218187,9.403250189697774,78.0
-1.0635418263359393,24.96069099746077,4.933718935857462,12.4034335666158,27.708033188450912,30.12122814343435,0.99498590799188,321.0760466460732,157.7661020383398,0.4762024433147837,16.282867033125736,4.011872327932652,5.932552588683281,78.0
-0.9124018138676823,23.648436737220802,2.702513397067082,8.386518521866499,21.00020966426174,20.639288865668032,0.9983294833465948,266.40469552156316,153.34058754153028,0.33016810740566005,21.662700702605253,4.011737712327939,11.170875856309781,78.0
-0.8608080328770447,34.415404818651496,4.064652438700438,9.58494282761699,19.47459384633244,28.586595900887588,0.988179810529813,325.6958925238024,142.42494546102057,0.23043005630403118,14.46368145022817,4.43755522416423,15.920936373079169,78.0
-0.9753580536170837,23.06817532656649,4.440180306709314,10.216720729405273,21.086367437567294,31.97285537011877,0.9909893548006941,305.36110784227117,134.78383483152126,0.49436670991509934,19.539301194891827,4.1668574583926175,13.677630730624323,78.0
-0.9803842874878687,28.83024186018269,4.103661945566565,7.972960330827787,16.280324016097858,23.56374568248252,0.9946558940919005,304.8162881575888,141.34715867828479,0.5749904947945308,12.93632320601811,3.8301384841681836,14.332812894296083,78.0
-0.9257320302004655,23.056515290754636,2.910124959852376,12.69397198104611,21.45394356843989,16.315373565652944,0.9801096429012945,300.7201406152735,173.78708370467493,0.33249711379222263,17.665754849247918,3.095095829654098,4.0374352532437605,78.0
-1.1887615765318984,28.322608858662853,2.3317468203485623,12.841252278160798,23.670618839434407,21.81591514377257,0.9887685351904083,259.9603969729202,166.8662655095653,0.6452689140702355,17.12940462365746,4.133511687043244,6.4006645019762285,78.0
-1.069126561344587,23.024399068860955,2.059278146672767,10.961477813819416,25.749781532328676,24.528976200307433,0.9817680114656345,259.2449487446254,148.86869075007968,0.515668571872158,19.922039110919787,4.296260155129414,5.027881534076919,78.0
-1.1283158461350244,26.238787122564947,2.339687380839546,8.693711736551837,27.476086942694852,29.88000930308707,0.9926395252483701,271.08191929919684,137.79481038507083,0.5935249710086455,16.52760021013315,3.1647349502349287,14.538325442052429,78.0
-0.87409104206668,28.1539425076817,4.808662681356587,6.260902952175961,17.508615057591363,17.97562633888367,0.9823328725102874,267.9741473885022,158.86626362104792,0.35856217650457656,16.12921233902761,3.2381002108858503,15.607964549361558,78.0
-1.0372609216657835,27.758145826222034,2.9882397720794973,9.548579749207038,24.16210640755019,20.544044438467903,0.9907326793630502,300.8119033396144,164.06303098910607,0.3439052898920605,19.441540955907804,3.8751684627916716,14.239039542051763,78.0
-0.8793974384642027,32.18339952697514,3.1878267544049015,6.026247920470266,22.893814294075575,25.42120126487192,0.9952824879455114,283.09423295810427,140.633799634097,0.22318273635029173,17.84276847510568,3.571131909602278,5.787764117718775,78.0
-0.9232155935157231,28.414406389175483,3.8952573062870046,10.048852060020478,15.47124425547464,14.390775926345095,0.987211290474106,311.5548685775637,143.74084215697602,0.4284438703910081,15.388190624027423,3.9888810863264137,4.515126191305029,78.0
-0.8013595028355769,27.49913131130802,2.7839129604546953,9.60608565929413,17.516382916952065,16.550235488900427,0.9843805669810292,324.214881398072,140.62078845096525,0.2378950793090419,17.301839132276672,4.746704121484327,4.135195566751365,78.0
-0.9066700380275523,21.855055407444024,4.23457237570543,6.375997914216649,18.00570158784317,13.69307820300051,0.9965234095661836,337.4931743372354,170.56331811966584,0.5555852364243434,16.659003909980036,3.319116519218073,8.325196922625626,78.0
-0.9941198345179135,23.183511579444584,3.1238331257637437,10.49069564739623,18.043025588061013,17.634309592579285,0.9802113083347939,287.4251274581424,171.2783899410729,0.5912531848670324,20.946543309443705,3.793200387300325,14.780929787120645,78.0
-0.9744104508834882,26.29073478297508,2.2558638363153856,9.654697279450831,26.593299838723382,21.907754518617907,0.9921334645060103,273.3592104502846,149.1291847334005,0.29917704550966046,19.376719025028045,4.483829021851795,11.337765339597551,78.0
-1.0102609842521002,34.94269959395072,2.5733203597560284,8.236240278470229,20.97845692127567,32.38778533677062,0.9968477068347207,259.96507370603166,137.39128546851592,0.43938507006086835,19.175840200728715,4.686563224824697,14.975068028748943,78.0
-0.9229919961565388,34.740165919367804,2.224687558880812,8.341703042579772,28.96514349080532,28.452397449254413,0.997197274061644,328.9106281792144,140.422060707842,0.309690750649448,13.325986566049744,4.664833325754246,13.500498491422785,78.0
-1.081082158334081,32.17141302524789,3.3981068419485547,10.22847967552978,22.34840271030583,21.04931735799932,0.9810662953377616,267.11028709756954,164.1818916506927,0.4330287206059501,20.914729989612532,4.359219557181489,9.769768505192662,78.0
-0.9418011068281693,30.628598458983248,4.940930901600111,12.478495073500573,14.293383400251695,16.967727200172842,0.9949299183281477,265.1598513340645,169.90825513066937,0.4097839669388801,16.281528066344183,4.956780727184945,6.926721478915552,78.0
-0.8727686742807484,28.240338036452915,3.7086007896510638,10.608492604800396,25.131011951604968,11.847072041205557,0.9829066395420974,266.8797090081353,137.63734193126868,0.298061048481049,14.78936615304424,4.931450877071463,14.134740877786612,78.0
-1.1081424271206353,27.248289695295078,2.3381485326207665,10.401365416147074,24.791936458234268,26.079141834856802,0.9989195637838435,282.82754844679823,162.79568111509482,0.38025759082034355,19.313330827679394,3.3437976281092614,13.053287962318262,78.0
-1.0620154742088774,21.978307733514253,3.44325862412805,8.587137364642354,26.066192378169752,32.9773623672033,0.9833704590092669,291.0467869153206,151.67694313949065,0.6165093223136475,20.112918939481006,4.248142745057919,8.841192790378969,78.0
-0.9570701604405443,21.26190122129895,3.5888659840774495,12.315356264109697,25.772401045013034,24.933988063925057,0.9987153217346709,342.5093588521425,173.66708664095108,0.27846968217084017,17.03221869416904,4.991347852326267,6.008941598100549,78.0
-1.0749146657485111,32.22955588213972,3.3266202687303945,7.962863646979059,20.369598267413583,27.243623311595,0.9963890796599054,339.7024250044424,173.61788599977572,0.5486223500692688,13.184992105975711,4.766204868945433,13.191762308141026,78.0
-0.9658654864786173,20.4991108818052,4.215510783163443,8.376237603035465,28.486198141261852,17.78074410306411,0.9945139651974791,345.9795506201874,138.30411521683445,0.44234647825430684,13.042223025896124,4.868885298346802,8.768630982444407,78.0
-0.9663650801457642,29.299023375191197,4.473062545443481,9.348919816391447,20.485213962251546,14.958046445805028,0.9996920324103397,259.4791998005875,143.35205089191396,0.3770221451474447,16.538369604986727,4.4590247049151035,14.898471833908085,78.0
-1.227927814154182,26.480934283123986,4.9289056120627475,6.617157314792945,26.951702038413583,13.10447572155373,0.9896952150168039,278.88794553741013,179.28433225495124,0.6514391676536786,14.500885741955122,3.3387785951742046,9.063340491337662,78.0
-1.0336242256188775,20.726270255122124,2.5884644051180974,8.83965676021999,26.11437009437773,16.333683596308624,0.99549871305068,270.6350575664023,153.45139057927744,0.46460044498668546,18.8717089058203,3.1617906114678833,8.029186655438462,78.0
-0.8668485428676129,32.534401228693696,4.548010089176245,10.716919184111372,27.96497750061701,25.151662772439536,0.9918742429783463,274.3916766977077,179.25839637046096,0.23473101475729957,18.005989637509835,4.973227512806767,4.647740867840021,78.0
-0.987304951263111,32.06434937832186,3.483336713946635,7.800784190195408,15.987484998839516,21.028204784070972,0.9855936310717991,341.34557569781043,156.1162621316497,0.5541590482124297,14.457249221228377,4.766942859708092,9.170947327741068,78.0
-1.1123756057798522,27.487375258594547,2.70004337704965,6.848633700186141,22.712603865620103,13.99344282648013,0.9858171903831484,281.0448845373495,177.58642057724586,0.6005208849241508,18.001457306433828,3.103113758727546,15.266929403179262,78.0
-0.731952114102336,23.177025556054026,4.463949762820197,8.795388470592425,16.105437736545912,13.406625186480177,0.9972015243532878,270.0160249660687,173.21524135886278,0.2569198808457989,13.583804951446616,4.1858344615966985,11.986921085679423,78.0
-0.8938721660243616,33.496103660356184,3.980675590489324,11.378012985865883,16.62192935491022,14.97506112708851,0.9856968243388243,274.4100757455668,151.21895417531738,0.2586750553147172,18.710208858791283,3.726310638988299,10.733516818701442,78.0
-1.0456437837167334,20.940926004342636,2.606578103362365,9.37228344593089,21.386893835642944,10.859784892827754,0.9916559331039021,273.3866547286928,179.61661485625584,0.5040311133766984,15.243032662871869,3.2974237341247017,14.97567208021841,78.0
-0.7539750766237747,24.650203011519537,2.0333284868836956,8.45230240118165,14.022990485217415,11.160755455059139,0.9805671362129564,305.6490281744971,159.77284828673666,0.3808822821494911,17.77586177255482,3.849050809587859,14.824228215494195,78.0
-0.8597979666444395,26.749077817227153,4.12624607316663,12.825036088381609,14.144857507905462,20.619123583579444,0.9943581482481566,255.27556297885613,176.96562493446905,0.38423212222021497,14.921980930628786,3.8057072129160527,12.537585671773904,78.0
-0.9223077619578455,21.33322402714744,4.110030052181631,7.636418204204329,25.219393731791577,11.259263019927221,0.9969112202791824,253.00595547074207,161.8352872470625,0.4558758715438401,15.484187151398466,4.1168319023252415,4.067650841767881,78.0
-0.8782591016596168,30.588366027009435,2.358807974815919,7.847563053849746,15.372600415214553,29.833240025281142,0.9865401186326308,259.8838707783753,148.06616647550823,0.49769029666353615,12.21725714180771,3.9945828327475645,5.977229694823716,78.0
-1.1675374875741427,28.10350130757332,2.145184039421872,9.991432540450626,27.15853619453908,22.942187101073138,0.9961792157096929,301.99420497885205,149.40090932280165,0.5087396908034796,20.529101409617994,3.6675627597502887,12.571178159207442,78.0
-0.928541953220126,20.380304829653312,3.4695805873252863,11.336805675052926,21.583619295836378,14.53969506616148,0.9939000320580402,261.82084892705194,173.6787161737328,0.33724445143362747,18.789071179865093,4.005538681537336,14.908738044366874,78.0
-0.9345905243807355,29.191608061579643,4.75832991916554,7.350426595109199,20.73136087593575,18.760353924268642,0.9935504458723926,308.4459776621686,152.28792740492707,0.353338747261995,16.436478282832375,3.7460471707159044,15.542405673715242,78.0
-0.9915138253163741,20.303592111596576,4.685573929460536,9.569380058865912,26.29028202284745,31.893835010629733,0.9915606409761639,282.22999005993864,179.72105510885686,0.45393101547653036,20.397463867232133,4.585086870104699,10.157788964422622,78.0
-0.9019181874967668,27.148826084025735,4.347204143588306,12.609669183020461,21.569352698011002,18.537747909519915,0.9905697569924483,336.5188265538181,139.3172576960147,0.257658071218666,18.629379439948345,4.220193890578141,7.442973148429379,78.0
-1.0469775636484269,33.282953159866395,4.9735823494472164,7.5667947682010395,20.440250831975884,15.65618996700459,0.9991111805916328,323.9782144455388,179.95064741910443,0.5327974085493887,13.968014963910326,4.068078428076145,10.851022623038343,78.0
-1.0011754591470796,25.85057920121266,3.7897837904126868,8.502362716093218,25.05132903093274,14.0975481146967,0.9970216984995495,278.5111502868648,152.68444201230486,0.4239802735460687,12.64681601025713,3.0685595677774797,9.03097348768976,78.0
-1.0053681568513713,30.04119330480827,2.573094817463025,8.49970172352441,18.34693355082465,20.635373716295348,0.9991168306089102,271.2553801132528,141.60538044335945,0.5801622339739922,14.58322339497202,3.2225009945838,6.561598779709,78.0
-1.1124743322116826,34.79125398742819,4.264847159628494,6.207903357313708,20.212661771959603,27.778644225068856,0.9896045325485902,289.0379693565882,171.0089574791151,0.5706901220663773,19.43146700092431,3.9860973931868164,9.230807067653531,78.0
-0.8928841764696064,24.176246483022624,4.174115049626769,9.57016255022805,21.539961218063503,28.10221393414225,0.9827270995013484,258.18699701354893,175.62669183820108,0.3207882842916071,13.01894967456262,4.350002810908432,14.186667195712722,78.0
-0.9837131817801475,27.982066561352347,3.2973974892492954,11.460903009107273,25.839333288012206,11.985537095570074,0.9980732228149973,256.03974852082456,153.28592762675237,0.2563045145262888,19.6052738731915,4.927949330481496,8.148045444129568,78.0
-0.8504483836414644,33.6374446391515,3.099976962746757,10.918614853007524,23.599551026045784,14.65337515105271,0.9977145302563826,257.8337391829703,144.7744026569849,0.22246781521232586,11.985007718232911,4.032582212331279,9.413517318460787,78.0
-1.02547067576779,34.9155985827413,3.8754249218798154,12.866118330944143,27.483360459214246,33.20858521028552,0.9822989063891191,328.9415034905276,146.80824718932934,0.3789944352083101,12.579274419873634,4.509441080633981,8.583261679798238,78.0
-0.9357515639964402,28.166393418533833,2.721791430964951,9.833199344314345,19.197791862668176,13.522943190447425,0.99139566065497,324.7563743750161,151.15526207295375,0.29308601766175146,19.231769839003725,3.0426564390782964,6.886993831379558,78.0
-0.7977988487664083,21.08255249064599,3.89386241530986,7.4773968697764435,23.898053697791283,27.148130273975433,0.9929903639196943,271.98920809613287,159.86928898996985,0.362043148850387,16.730408444934948,4.5605265228710685,8.128421122321967,78.0
-0.915744344082647,23.62913379114119,4.751920337679055,9.869893543977353,26.084049646299597,16.244247685213075,0.9903058870447052,256.60643238733815,135.85652036710738,0.6458417026972377,11.781885756126707,4.016752873366329,6.474625601343375,78.0
-1.012790945721279,29.45870077936666,4.995233517027171,9.020683856136042,18.11479564553231,22.49713470550421,0.9863334271708131,298.1605247295643,156.60419736106925,0.5163777917504695,15.631788185507334,3.867534112763061,12.816785412771315,78.0
-0.8572349917397898,22.20876579446231,4.996318749435204,11.17521618299591,26.981348770198082,15.088927742091395,0.9879395158384535,303.51289367300524,151.59857099634405,0.3249664461152767,15.105190833010735,4.701040248396871,6.78966420301116,78.0
-0.973456077010985,26.529353800178583,2.390666223042669,10.256945965195152,15.150996387370576,30.00725425883468,0.9980729849090543,345.0433586375406,148.0206907315905,0.5643550002373863,13.455297523082105,4.655297001105252,10.310910607598391,78.0
-0.8704704293259928,23.01457025409124,2.2199894590175906,7.003152339412656,16.447853513371626,28.348158054081466,0.9878745290287811,301.1584830123785,134.82587326286574,0.4179234763020315,15.233976136829096,3.0068585037025004,9.109187399218246,78.0
-0.8860400181772569,32.633549817862146,2.1667893010984267,11.618088328475821,14.467450485969273,17.695086207098633,0.9848404884033242,330.1903866808942,179.7507054971955,0.2872771375225224,20.921184512000575,4.012858452059491,10.727026897532772,78.0
-0.9783227302578696,28.16506898630292,4.406766802533014,8.986421571320538,18.561464910606077,19.36527425006146,0.982691214754798,292.8766524122273,165.84376471513437,0.5069192907017006,11.849365237417103,3.2271885111595413,10.076880243288214,78.0
-0.8937061266272559,21.086269336603273,3.5253498413283255,6.682464231297475,26.0359433524725,15.388042080289374,0.9914929411915532,291.7182936672959,176.01377032461966,0.4348466507980865,18.83011149402259,4.426687015968993,10.249437929099445,78.0
-0.8295127867560563,24.37080064156316,3.3350594783953245,10.205130718204245,19.569271534997654,21.949698806561244,0.9949376865162883,269.01293120178104,165.70476238692888,0.24018642428833278,17.03858731260207,4.65902433499886,13.703512738985491,78.0
-1.1270234833365527,33.924829407063186,3.588316004196554,12.804594169292704,26.01918044979007,28.813233245661962,0.9984399487171269,285.12600155574285,137.08473091277415,0.523154082177143,12.773338030735719,4.887723451171952,8.710318824031567,78.0
-1.146021303092579,23.67994703161363,4.021906765942906,11.87469334756089,23.10974367534655,22.61806178267838,0.9905419546111822,327.9712496821936,156.9219347040054,0.5118219164971793,17.815040614773068,3.9624144217859953,8.329449374515116,78.0
-1.03510262981468,21.016891605964116,3.836338170511647,9.868137174897303,25.433367661516847,24.596647071746162,0.9863518669403402,340.2032125962795,162.44725458159638,0.4678515849875643,19.67975119229539,3.9710801027033904,8.60477084763529,78.0
-0.9364705858974414,22.238418766489858,2.777115228159879,8.550805426970125,20.397486975584336,17.16767885515363,0.9803662229767008,251.72471320330695,156.07398629415715,0.4067965053638736,16.747506364696203,3.304515936017112,10.274424160280361,78.0
-0.9537982130716042,31.580274751491288,4.49105336797401,12.09730799433262,23.796922265397235,13.507143063543856,0.9856835350072686,305.70265529563665,148.77985751086723,0.38902515194924403,11.032328784076707,3.851982755890667,11.547771412909963,78.0
-1.0666472520902721,28.054278425305522,3.708715965228079,6.344022231828318,28.185362980130854,15.445235428608095,0.9801096710465276,325.0132436438494,164.70699527547305,0.45352181306197714,11.303220486871721,3.8558898213209747,8.304856224341432,78.0
-0.9527394466637175,23.644655082761034,3.465885436422779,7.9696629814657065,21.940948202583897,13.6878693059877,0.9986186206588845,349.02388344363226,149.65374626167366,0.49183783593458075,17.39539268589236,3.3999258089989968,8.91926012571702,78.0
-1.0001750668123575,21.092202766922973,3.023512949863455,8.079918064442678,19.374107664427353,14.970471733830149,0.9872045038263567,268.46080603122954,178.30255871676286,0.5470888184779391,14.683142274889736,3.8625755531112818,11.23057725497942,78.0
-1.0379410386670687,32.99247180894043,3.8630330708414813,11.335394947547188,17.224395237595395,15.330266805519546,0.9845450286026685,251.72349472223067,174.89054475495163,0.5411726153950236,15.517010672540513,4.005922687661651,15.264454711174515,78.0
-1.2032015437927375,28.14724819429015,2.9940690726916825,10.564453115101546,26.783461038185067,15.37390539980157,0.9872355749852472,319.2908564468388,163.2498508064755,0.5720091603664722,16.88117818612952,3.271759684984284,14.096276559978476,78.0
-0.9294229935891155,26.761470074511855,3.4293718654806074,8.88224605764091,26.63677827297962,14.927174630293926,0.9866196513073998,323.4394475839839,142.04708801559627,0.5385992003153983,12.120480687148264,4.678501671545594,8.51156085924358,78.0
-1.007293271763618,27.928749573711556,3.7095526954312383,10.396404873490786,19.870124172963777,15.373476885729186,0.9953018492166799,321.5431181665225,173.74189388222425,0.4263029121192728,14.660320658710113,3.85978478439438,9.041655405584626,78.0
-0.9923330673478752,32.91993417488946,4.216110443396967,6.552081395469586,17.245719316693062,21.298872030699307,0.9802839641748632,344.162541548897,174.77740360677876,0.6129235349553932,14.93393406039554,4.2971169732141155,5.7645050158704265,78.0
-0.9661524160184884,27.61850501982544,2.572173227708832,8.325705059831328,16.161583529779804,26.203805627549905,0.9984361150910865,331.58810046972275,144.1682571197185,0.6395437918915081,21.035785785069805,4.297290294174457,7.897513208570965,78.0
-0.9205926070973464,22.124461972150716,2.6855882496804933,8.17056635522422,16.003834534267313,31.959504216240745,0.9874019811250662,272.1314168841748,159.1598597638013,0.5425463139879062,21.93477770611223,4.338055621471722,6.929572771502393,78.0
-1.0657657983215398,25.816527947597866,2.35061591983087,11.628581804684478,27.89792001170555,10.370145437108956,0.9911187394510342,302.3300812676435,163.80374865081325,0.3621950214242572,16.136609075501905,3.851486047479134,5.037269084541071,78.0
-1.0048243950614957,21.182753074400463,2.274139224193371,10.986961872535026,26.586219266900308,24.485087953738862,0.9847849346766758,305.3488214330953,148.25717033379252,0.36433993495990724,13.017091850105201,3.117558450334298,8.277504616135031,78.0
-1.13697571032598,25.337022556415597,3.593208139879593,11.046106795861391,19.723987944170144,10.084856401718351,0.9988391234781571,299.78263165430286,159.0631237143206,0.6533483497032915,14.06779413923714,3.972673175821444,10.41628185028174,78.0
-0.8557610930612214,26.150641711751295,3.2674567113544444,7.583749081938163,25.121184954637584,17.755200817895684,0.9963336699316641,336.1904747199411,146.65729097147025,0.3775029366672106,15.133005371879698,3.9310772225870383,13.594097272925048,78.0
-0.9956908866333636,30.17649220469837,3.172700819929526,11.114949557710723,23.44572793422921,11.760856870309528,0.9953189873552863,321.57333550746114,142.80038612299032,0.3161542253537821,17.089849822660305,3.157943398080386,11.241031824072312,78.0
-1.068377061668351,27.506728697394003,2.411732545218352,11.160452567333525,18.130680983334788,16.23608106638653,0.99807532457406,323.9657334315894,153.23316478106256,0.5182573286732705,13.06415718589433,4.546946981161773,5.170894844966213,78.0
-0.9962406567792389,32.409199649175406,4.482916357549047,11.741368327493781,28.576185869807873,33.584298616219186,0.9805707784571288,309.55583117034064,142.55934053389353,0.41700829325756594,12.506502375105754,4.785519537511467,6.046800322908487,78.0
-1.1743932614459758,25.430982758277594,4.9460753571411225,12.204350028177387,22.909248346577165,22.738554308974717,0.9983718508839101,293.8464813987687,156.49918601988543,0.6276163267868697,19.44057715118626,3.527376466848138,11.077355656449189,78.0
-1.0456262274406052,32.96481035082493,3.0460307797876873,12.113826890238547,21.241263516391996,12.89222722531337,0.9984482999531825,267.81728251745915,155.7801782810457,0.4458461792549705,19.124743068284708,4.370936164796018,11.085086486907516,78.0
-1.0125116953009798,29.972312580163212,4.852251772146337,6.6053210830087945,27.84191714016594,22.848350986953783,0.9922191580379074,302.2648923827826,165.90953254140783,0.4041290582300583,13.22649724718285,3.92940230267188,5.369395011075265,78.0
-0.9438175826029346,32.66167512211932,4.452945045987493,7.3214466865874135,20.616596593408413,18.875781750266206,0.9987499800710982,347.25787334139653,153.54086506244505,0.3105715923763122,19.718701921632316,3.6317526442388877,12.108680375175746,78.0
-1.1796203797320197,32.97983251204927,2.4538733471848593,10.62464584391111,25.500682491001307,14.699036384162406,0.9801703546182575,298.8052077906102,142.69347749936267,0.5383660270324065,14.563787674590094,3.562071876561849,7.532965502717181,78.0
-0.938477367364407,31.966295416640193,3.7922666433630408,10.249116295867942,23.828486723424113,28.107786003124392,0.9889207285335522,284.9431406656457,138.45257686481798,0.4153011676846047,14.743568487140646,3.5511203102307123,4.262350798785773,78.0
-0.7692880257088021,26.022931012151858,2.5350238957662476,7.110319044909335,14.963680939618033,22.867125788849464,0.9992472898245863,299.8782507240852,152.32381884383994,0.3544896793324288,14.068402986732035,4.295476037022567,9.946968844941127,78.0
-0.9169207864679654,32.087254727042016,3.2793462294496063,7.114182588155697,14.981716449568456,28.616482572087776,0.9835472564683531,306.027103129382,169.94783079056364,0.5612445324988553,11.614194582684345,3.6495216107727244,6.133537237877146,78.0
-0.9702937795073524,22.26826292862445,3.204875148081398,11.903508645390513,23.911524239099947,14.830766474247195,0.9984662199546676,257.62027694611436,153.33200874401598,0.3123777325280329,12.940429972779611,3.9349121474337885,4.695789979272296,78.0
-1.03387300921415,31.772121280979988,2.0381051715459066,6.492327580604466,19.11929322592095,21.932320027840156,0.9812428492472148,253.39974061584678,134.25473301274712,0.5509624585075823,19.269451766541614,3.870054237829992,15.643468568616392,78.0
-0.7149496991015837,28.95974032110381,3.718158769479266,8.025792238795484,16.146085571579903,18.14937435701743,0.9928434791015764,348.47386633823396,170.1430278155952,0.2209756104310402,12.361509798688358,4.258668390551048,7.269176008626317,78.0
-0.8023861920961621,26.717811942229865,2.6418315486264166,6.362641282589079,16.991788737502517,18.895208266540696,0.9968733770704375,294.690388951625,177.9963152619494,0.28965927086468474,14.436500891724847,3.22481499215503,5.918749679741028,78.0
-0.9760055873207377,20.959470837464014,2.8378039506451613,6.072105480268375,22.454734055051663,28.261560436071367,0.9814959873655975,284.27311431490324,134.58023887731085,0.6003538168410496,16.778909334041465,3.7827918442538824,15.003025849779457,78.0
-0.7518191696229987,27.9931341075403,4.9631928142117,6.340121339545532,19.174177562682758,16.43387014161251,0.9805300628733682,299.20048928516735,141.1497850084352,0.24650277567827725,15.176754710970872,4.362332401078799,5.415024760821351,78.0
-1.0440368826654078,21.5004631818443,4.669809875457027,6.926015433791502,28.504793036628357,24.903927154719124,0.9915189907420532,250.24003112846174,138.86693006858246,0.6575412505451368,17.91535183513341,4.883129164261213,12.841396387074496,78.0
-0.8186126267326118,25.554821748279508,4.241526114031113,10.161575119708056,15.453164319827177,23.19218407233227,0.9988646173141856,328.85527291166886,136.09275752914868,0.41596888479324257,20.341150013457273,3.7106033095028925,12.407913572341673,78.0
-0.9292802083301119,29.036828650789953,2.7245657279985944,8.203060852731038,14.409400735394009,18.946466827658902,0.980548267468146,315.3527944911819,152.47285691741197,0.5905391651214602,15.61784730147886,4.43365401287113,4.926420903688843,78.0
-1.0759104422769223,33.65477802710971,3.745482588625229,11.719882930950963,19.550087461142784,17.9733996007981,0.9838578009173082,317.23081797726724,133.47058320700222,0.5072865886583374,11.757350290662362,3.9608939688720564,10.6413967676744,78.0
-0.887842130137891,30.312306912549754,3.316583563723661,7.381870483630719,18.613553889025457,24.88021366299991,0.988409201452924,329.35263716773096,161.67068477045072,0.27467785732231603,18.022135605925452,3.486446281794505,13.119767489101067,78.0
-1.172234640368689,33.45629099657505,2.181746652415736,9.101268012046916,28.690950453159992,16.537121191554625,0.9988086998469874,299.63580909838765,179.62019626719368,0.4725932760999081,21.478467278405464,4.3789917916521715,13.881797506623723,78.0
-0.7679628048165195,20.205446421063954,2.1356186662995036,7.074767515346309,25.038196199835454,20.169007331449915,0.9894988109879423,303.0796899876284,162.7905307060846,0.2335952275338523,14.986544422613129,4.634754043740071,14.702534053761617,78.0
-0.918839673345312,25.39321274479212,3.8951568594835497,7.858917617688313,21.911055782374877,17.17459434591972,0.9946511742332868,321.29120320146893,161.84417200245048,0.4565464708293172,16.42166047419524,3.135358494740175,10.104516600077096,78.0
-1.1700378808350893,28.138033027820903,4.182128579573419,9.642348813548878,22.412085424837166,22.278358463941768,0.9808577937414044,270.68046503762963,148.80005360342128,0.6166016629822307,21.771449755463827,3.7905728769647955,13.88910274735175,78.0
-0.968176023979915,23.202306995048815,4.155047197862909,11.436592705647751,17.399465233587936,18.765583911691188,0.9883474007854692,332.9482392720946,159.58138665850154,0.5583147824719129,13.107465075531698,4.602761736474597,10.97545884471358,78.0
-0.8896017496115531,28.75400098547174,3.3925417688278428,12.920002619517762,18.168651793047008,32.862164193827184,0.9892401813235836,340.2179090839977,157.52093271701898,0.27269618546917684,15.702085139948196,3.2373742629353477,14.401512018978403,78.0
-1.2520893259737853,28.410198835464634,2.84740821438574,11.641667386273348,25.744467144194545,25.604169170850646,0.9845155537574849,345.2015633823023,169.86794838979839,0.6154972786034579,13.682877968156117,4.193725893553567,5.820499149502643,78.0
-0.9232575209470012,28.843708361036597,2.117754379289593,8.498535855709854,17.804312527384397,27.51425748751356,0.9891364671269197,277.86239918168326,161.92507147414065,0.4780976611350145,12.791767126756978,3.8140666599588524,7.318646633259959,78.0
-0.9720151345438659,31.90656137444511,3.925383595668629,11.282201963586473,17.461821992833304,18.11791664869579,0.9836178627672455,288.8433278256563,151.5698354770172,0.323041155976933,16.47576317121056,3.483637664212845,7.684119569490139,78.0
-0.7321557623576372,24.61521591126763,3.1454340680723005,9.446494519540577,16.799734635867104,33.22164736533064,0.9853052037900373,345.4489672472388,133.37320844386983,0.23051803987302644,19.542500810461824,4.159268254871549,8.063622079973525,78.0
-1.0377856092889584,22.01114572531249,3.547327375418045,12.398773813916268,24.51716741426243,27.268674789898594,0.9992617937581525,278.5500982692989,141.73487342503395,0.37956385053570063,15.719430543471727,4.626282422267757,13.813818954061107,78.0
-0.8669831046360182,28.712608925873454,4.9848098116604165,10.364829318834772,23.07721831723726,26.33948861821394,0.9857661250764725,269.162387199661,158.12451560139934,0.23446925122594042,11.02575093348035,4.9681777930552915,7.994123942385552,78.0
-0.7931117522374772,21.887247779915963,4.257320033532636,9.064374062918045,19.957685829870695,11.489088351667984,0.9850160475785958,326.34989798851797,173.82189079944,0.2774473913618191,12.869650918285792,3.0045446344879694,4.382851119856637,78.0
-1.1368469860072377,29.226332669175036,3.986912078314487,11.891177325621001,26.989840901936354,18.012830174487473,0.9859841627093195,266.1415288592552,154.8167726671698,0.44771674361397157,18.24960443149975,4.665092657173014,15.881183444239577,78.0
-1.1696756137007533,27.32739536237266,4.57300659423252,10.845125629024043,28.15008677379523,14.584622519931647,0.9849348446566893,301.75700413369293,157.19085582227402,0.6138902729220606,17.354458118089745,3.192559942438576,14.483313433497017,78.0
-1.1241536803568553,29.519769593075292,4.586518342168081,11.607501701826006,27.808028386442672,10.850477386987219,0.9823593645504173,331.44024158904296,154.26091267585687,0.4850685970063092,17.83616353365862,3.9727905757118704,15.62722403456884,78.0
-0.9169513156222028,26.273674976019475,3.4170976331949228,7.299554014256132,25.740653310791817,24.15597217355633,0.9864127815109521,282.4191738510069,162.36270032327505,0.3980614211932866,21.46885571775358,3.444773442453749,6.518766185210653,78.0
-1.041169415980742,30.467691495551914,2.022055208785662,12.92447289691987,28.014410079839475,33.602165796344735,0.9898392105379233,323.5543876671569,143.41565740963657,0.43893351856247265,14.88328687137248,3.436060582317144,4.638888700030485,78.0
-0.7717723673650486,28.22635970979977,2.438037603048597,7.976744830276758,14.772649408018378,12.525478801860157,0.9962297513028231,296.5128374982604,159.02693108273147,0.32315740943067484,21.316865043433474,4.797441658475114,8.06355534088461,78.0
-1.0507202890856613,33.34440014649695,4.9181916534493055,11.780229034771365,19.09552242433014,29.991513217609008,0.9895084277544169,321.44507955376207,134.5532659309445,0.5085832006588354,12.98992751801552,3.9200442859283204,7.306723899833643,78.0
-1.0208167237413097,26.28030014303726,2.077543110833479,11.374582814201041,21.207563690880566,16.8566258997328,0.994891380572489,308.95856779646215,170.79115640377532,0.44875108520323326,21.96807368756511,3.798823938703159,14.196478351814099,78.0
-0.8686069577975817,27.579953174987175,4.4895542623569655,8.705760541623558,25.736377299974613,14.567705404422778,0.980424937944299,292.74932003778156,153.6260062405671,0.2514399430238514,13.939460954044357,3.9883437581027397,11.327633685038906,78.0
-0.8386737217290559,20.70197822770433,3.256716025569504,6.393249284783151,27.686505033530135,12.040638967614175,0.9978883054649071,257.5610885635662,136.95059619483197,0.3916558312383657,19.292488845325813,4.204406880420505,8.964607339454831,78.0
-0.77576964122811,21.412138148435314,2.234659289202402,10.606882364736085,15.704363448574536,18.78191772581991,0.9980448149774869,258.0777955228167,134.60028474012847,0.33465533304102124,20.219033471691475,4.235900015211202,9.04244367037437,78.0
-1.0955919049220502,31.521173706252767,2.606824126913276,10.309093346550096,18.157234498576663,33.93105456008077,0.9905596316960732,278.56152964433835,141.36361861932212,0.6127648391224659,12.510287613030632,4.792261240146987,9.721518451333562,78.0
-1.1679778243617,22.30357679647164,2.4407574403998873,9.405438126912701,24.596763929048834,25.19174508585371,0.985828723020466,285.9587136306006,145.40676201051477,0.5647885835782329,19.847530070946213,3.272480577344484,14.754659747925611,78.0
-0.8175861937592889,20.152761121351734,2.7559110230874793,8.418927155075226,15.789187955178873,27.048877851837865,0.9879388784585632,330.0303993066884,136.70673588353898,0.40190192521698964,14.920576725795678,3.980635356386266,15.009312585252857,78.0
-1.0140454691873213,34.64903270396218,4.65159575422353,10.622545682853891,23.238692360515326,21.534465878561544,0.9840313434335476,329.9591048170873,168.90687092608096,0.3783129697518969,18.53819060121465,3.7941997497168867,5.677976116377824,78.0
-1.0137580297011402,32.643739974948616,3.2776639413010233,11.9374672322282,26.549558727704373,24.021829461598795,0.9939154266066,285.7585945265009,150.01742105604558,0.3046136462143088,12.114572794393583,3.5105286392910258,4.797501936825998,78.0
-0.9867481434318505,31.954503155190885,4.391825861448008,11.997143338886394,21.645413335409728,14.31739399968399,0.9961775554803591,301.88266368479566,179.22605981617684,0.3296859787828028,21.75136388079546,3.545476053828411,15.735614915330142,78.0
-1.0564025240601072,25.881218320578423,2.4382290340739807,8.546780247803053,23.999144424047724,32.39393234177439,0.9910623039942702,349.7856237509129,160.20279587420174,0.5159030941586061,18.92216118274486,4.135470991463099,15.270007885687422,78.0
-1.054893669018207,25.142976500135248,3.5710883697125206,9.539530486868747,18.80371701740328,23.702525082026387,0.9855088297318796,297.78544464003073,174.02848133835607,0.6061873307861089,17.47962405637888,3.5846258010118466,11.789535831975776,78.0
-0.8210689464529055,29.71280092364438,4.2387207055731615,8.93277344756524,16.029649268499288,24.194998669890552,0.9898636513422395,286.51680193770005,163.20196967680496,0.27796364577993815,16.503652182893276,4.244286563504833,12.679144062267232,78.0
-1.1467999572253975,31.740400241106922,4.024923223014595,10.75366539911272,20.028497387940412,25.70774543144338,0.996664969216846,307.59141444923375,166.90921264701345,0.5607551389799891,15.023761682549267,4.258552263339093,10.649444944083132,78.0
-0.8388045799405434,27.185238352597736,2.1167424421843473,6.69159463648854,25.5954031738518,29.881523953373936,0.9880810098646925,339.9167607663856,160.50911471928947,0.22621090225508805,21.070977132940968,4.351803371100959,13.472032211809267,78.0
-1.0361812125133725,31.101608542632157,2.5357998204429486,10.909907328143687,23.854699357434377,12.657311409581995,0.988628819302545,300.20695940493135,169.83136123323845,0.28063114937472927,16.627614470205536,3.1211181374818073,4.979745601707636,78.0
-0.9618919846012521,23.400454971231497,2.7496184526712417,11.907759497706445,23.601048030400534,18.4282588097727,0.9808342425662393,306.91123249811915,151.39763498707057,0.32095204778662684,14.342434514720935,4.922703364929389,15.244549881869563,78.0
-1.0893371033321015,22.872319838639598,3.919321990525998,12.71833197513717,26.636475231839743,22.694648917180434,0.9947805635147332,274.93121659094544,161.1080730624283,0.3598731773386829,16.921040724508558,3.826414006413446,13.222595814605004,78.0
-1.093797620014712,28.031975989691702,4.658635797689248,10.571180797882814,23.91831330815853,21.832149655032634,0.9965408740953923,273.1840682190899,156.9446951275228,0.4467150269719143,20.062101964330935,4.910542566185548,14.032094074057706,78.0
-0.9164369793626631,29.591116682417308,4.582284168494441,6.797074832733321,20.518295180121278,32.76055577549013,0.9971967517009332,252.74953415285373,134.15686159966984,0.4539256358649586,13.504821165882525,3.8069063504296823,7.439206207160577,78.0
-0.9692796848453085,27.649895391030014,3.1680836175261793,9.968126498213474,26.199179381907484,25.69921272703404,0.9991077063841115,291.4834524492721,179.64156086677514,0.40818325439193565,14.328185984085003,4.789203384529952,7.838163930339611,78.0
-0.8942311914265008,34.635185760473284,4.0882522332813185,8.192799849784297,19.09368216348644,25.026234751376833,0.9972117152845698,320.64601412112376,157.53007775291405,0.582919826990751,13.166836668217764,3.2667721070010862,4.085877350971986,78.0
-0.9484326701324312,27.36115352910371,4.822745501755637,8.342489497142457,23.735714690428466,20.116191071674052,0.9997497378223841,286.73470859349004,143.8662155431604,0.34515833073056823,13.530492491535576,3.5284625020959917,15.051879601681026,78.0
-1.0598370260646606,29.325343240948527,4.041486121668437,10.507312154801756,28.696925998167362,19.535680741015547,0.9890722307928531,305.5142082385347,150.9822950460234,0.591511060307842,11.930256822325713,3.5261869862575916,7.501381208488384,78.0
-1.0100396599939014,22.17373049558152,4.208974368534115,12.947981566463831,16.888089858698656,32.0562769918797,0.9808504030647756,330.20321082409555,151.8948365219271,0.6188478039322369,17.020114636845644,4.418525088679961,5.164599534876277,78.0
-0.9020477405924028,26.916862304143297,4.484536103526223,8.976648234764673,24.771311561024326,18.85198009741508,0.9809718044256799,297.6128556329212,158.9105968219971,0.5470093586260515,12.295030175920406,3.377659922637953,6.807367100747071,78.0
-0.8904654184754375,28.842964121396264,2.6077950350003665,7.2865110885280835,27.635088102800207,28.518034093658315,0.980884003500207,297.59861572323445,174.2410187775717,0.3269323459747838,19.425280795380885,3.8661985706646806,10.575891461767617,78.0
-1.1258975266875495,28.329528988599467,3.0690447885168144,8.073103430838543,25.88220671754484,23.996818302114768,0.9849364814579034,268.4048984652797,171.9581662051706,0.6331750628460536,15.802394778084793,4.8303738481206935,5.310440618208949,78.0
-0.9162776729378074,26.579058437495267,3.7340131957966385,7.537273602943198,28.783313795858636,28.41575998150688,0.9805201935736285,331.9326709516983,144.78764189296325,0.47120180375043585,13.168764525985372,4.343703895899383,14.924026066001911,78.0
-1.1149559715182518,32.63197908736749,4.595565067628025,8.303614362472674,20.9100750188795,17.032124045543256,0.996887178106993,250.59403448807896,165.95688209978954,0.6423459066556175,18.067968496408877,4.418968890978151,8.44504365577896,78.0
-1.2505627868919655,21.078137620713342,3.6380797230348687,11.71583436755769,26.18565949523407,30.936542920284616,0.9913330862322078,261.9981466032319,174.51119801548742,0.5997924916543226,20.198874939124224,3.562716791686676,7.387691922948438,78.0
-0.8109607721481608,23.21687767534575,4.112119746854366,10.658702449524,27.47704011714496,11.632742864067609,0.9983412695781618,330.19504782146146,174.70513231662477,0.2962466485628477,13.262640579202454,3.850988149839203,9.482938256269684,78.0
-1.0164196893980975,25.274188378757202,4.987372890965276,10.047348800900249,25.427378165927706,12.523613747951217,0.9939807589527534,278.0706330154421,158.79427738745463,0.48781468725785637,12.83964066591539,4.230120070522119,12.175527396895712,78.0
-0.9458713882903508,25.259395470335896,2.2678372865523797,9.95141683435585,26.033446463994995,33.83448432695808,0.9975319502283124,307.7426646381269,177.969657544564,0.43069409657304136,12.987675584166015,4.516141604301077,12.301797367760646,78.0
-0.9263047779956332,24.367613418063193,4.4500984342000205,10.139981370948476,27.204977924410592,14.165453420332554,0.9934749968291146,267.1215209688568,153.0569742828451,0.32351755521777587,17.440452563759546,3.7962934755041022,15.058134331692761,78.0
-0.9665690429919276,20.001354174300168,4.315722061440562,10.633378221284845,22.74157320834591,15.494917368657529,0.9905550055037449,317.4458605742616,167.73810279810957,0.3937308565601931,16.659991903078875,4.933420070390528,13.468190258150289,78.0
-1.048690181635524,32.348109791913046,4.543385597195414,12.5685680711143,16.22717233467351,29.55042212329091,0.9864327953007052,269.74920023693176,175.58090711924268,0.4691356036965973,15.43125018108638,3.906230790634548,4.194210758949594,78.0
-0.8414461173312517,28.631577030682934,2.665564455852242,11.481646719581686,15.300361432180402,32.14428344048688,0.9906950988332595,279.3336386382754,156.81375783451912,0.2655195084050896,17.343810346972447,3.379224263348055,9.615953011457474,78.0
-0.9844570114756311,24.140189070784707,4.700177467489711,11.753471571461588,26.18969672851663,18.072818582949964,0.9853657568710912,300.53021318744055,164.2923201523797,0.26558479971483706,20.026428194542433,3.217373860416455,14.868511715691515,78.0
-0.9349361307026127,22.30205952940705,4.5170767067242945,10.037527222663915,18.583446085163413,20.401754943796934,0.9921620674022318,298.46801145798753,167.13841913626845,0.599311819653413,11.843240022661776,3.174746137015664,4.946021587225115,78.0
-1.088682866293431,29.039932945925013,2.428173087040894,10.097261969187654,20.512341539107705,20.057692873558697,0.9813761240991759,273.62678215636515,161.52646620625347,0.4482981230345763,15.32929934169116,4.983675001897549,8.124484881378876,78.0
-1.0192502742521579,24.188376480589156,4.608546966729709,9.416450682364907,22.074084700760185,10.822047585552884,0.9847502566342506,261.2522278738347,138.8399614391998,0.6165143775393754,14.22359798670845,4.029528446245142,10.988852367267535,78.0
-0.9090058473766097,30.73778657254584,2.545745792804364,9.215341781909398,24.94396797175992,11.569584428877437,0.9907743499907974,271.27464086235176,146.02810298589694,0.3312616902967202,14.270825825059712,4.475879130547009,9.78906395445999,78.0
-1.1043112106590713,33.75148604489387,4.9338848105597854,11.12053883773394,24.436593736067515,16.164535094450667,0.9823980313292417,278.0378615849266,156.55711725211523,0.5137455183146092,21.337258551155838,3.092671727711835,6.394508638535304,78.0
-0.8244557042992535,29.62128450246336,4.211917574753885,7.130682588848543,15.682765267740296,21.282226011222974,0.9877646261040527,319.6366679301172,142.45948333568793,0.4027620264304961,12.625853256193276,3.694937224776818,10.633676891922047,78.0
-0.9626705774496283,28.411691233722514,3.548931987042459,6.295846428770802,16.907514531781732,32.21456892053813,0.9902823515558569,302.6087099594043,141.90254405670726,0.6470268398336713,12.718441881292245,3.722076752622038,12.891703360960065,78.0
-1.1506972787189524,31.963994275316814,3.4052448661152694,12.131974338631032,25.47656515168228,32.99131285835766,0.9877438222253639,340.18972223651093,153.5184408493828,0.5310555740363266,16.123940437504828,4.592946925106681,13.172725234735537,78.0
-0.9943850730004202,24.075497545919468,2.4962906628465467,12.2641932019861,23.092347425414612,33.14921410633839,0.9929895091464372,332.04045128126063,140.2589058882249,0.35086888945176464,12.306517428887771,4.1614495439485,12.99807257382397,78.0
-1.1708501746904776,28.051467812874858,4.678609107280748,10.687760164397593,26.00757988812199,29.910123590565156,0.9819312714983881,305.3129369441841,148.70897002882094,0.5417823865967625,20.636786613829607,4.286599977008482,15.24943674281196,78.0
-1.0283126000749503,25.237277405180464,3.000324346504748,10.034123138079963,20.727307228935228,29.266555483192317,0.991768032339283,268.6997707925415,149.5028195640313,0.6531507373100025,12.235257257105655,3.708804185899974,7.239754936336971,78.0
-1.1006144665768216,27.793945866910473,4.231033029206236,10.449769885940437,20.201080575680166,18.198441277896926,0.9909200068755757,297.78570661240053,149.4081450505987,0.5605971177181378,19.648662419856915,4.124152632957568,11.75656538586788,78.0
-1.106797058543786,26.388147200787785,4.384463944247678,12.754653772798623,18.21033716658777,15.78882221434758,0.9861837589053285,329.7461226996364,155.187869702888,0.5283486444512809,12.882693064352488,3.568140493632062,6.4664205239245955,78.0
-0.9174107431352511,22.004390018080095,3.9425911213339795,7.267193574414058,20.38065604006751,16.19695113143029,0.9926495804558539,339.48007164517117,167.6257850613947,0.6558448245073171,16.440830202824316,4.735753478452494,5.27347572858673,78.0
-1.181241824154922,22.939664978117605,4.302398972237617,12.757166650479782,22.088792819817805,29.92768559600929,0.9972983882314137,252.27499067848584,164.50022670312256,0.5720713482314144,16.632562490391184,4.576385645844985,15.079886930433608,78.0
-0.9675413472166038,22.2134275611673,2.0368163719855406,6.038297891853117,21.80261174994442,26.025069783561097,0.9860739180615983,296.48816346160913,173.02797179983034,0.519985725966177,18.125306662129827,3.213522270779274,6.577063167074603,78.0
-0.8447592561410773,24.659898997213023,4.493071512609344,7.02576505671056,17.782077352833358,15.379182665294035,0.9865445735767014,272.54878053935585,165.0539446057219,0.3648498285972488,15.55568012369794,3.1995238549218326,14.679380151483784,78.0
-1.1363920988561682,20.39882831877654,4.65210531543163,12.239406138683258,22.07533716192102,28.34739191259729,0.9954295067142886,290.80097470069603,133.43529761151328,0.653294537757758,19.40616848847801,3.5902391097195974,8.721819720771212,78.0
-1.0777435829362176,28.443323265952174,3.6442115591774753,11.398894495453565,19.93055090275113,33.28673069944732,0.9846185280839048,341.9665996151799,171.74849546526005,0.3891436298530589,14.368023557136183,3.76810976233876,5.003660978837722,78.0
-0.9975300095603445,23.419923424052932,2.8985808051014117,9.65759663128323,18.91027926851944,19.445074295945254,0.9902944334082721,339.0608760539353,178.4589178481608,0.5708097667801223,19.84315938535186,3.5398224468200326,15.633126384487081,78.0
-0.8869783212350968,30.442514429213418,3.1706391394876543,8.590181043391684,20.777203124612615,30.15754982928885,0.9867077774462816,282.0501992628664,165.3407659579192,0.4616827607047276,13.106843579659632,3.998402540453746,6.8310415026889535,78.0
-1.0472322540231118,32.26536880275129,2.4361372966834747,10.74651784370468,15.802533824245224,11.432148634555386,0.9909232151961959,269.783806247357,169.80748773431196,0.6238385012651193,16.038429982315634,4.753408207623265,9.141448433421,78.0
-1.0849975432063697,33.990072221262025,4.317578820069776,6.749888037704629,25.772137585425746,21.9835682528363,0.9983567666192535,326.8456158798333,156.89904437138364,0.4705611213676788,17.823597182276586,3.9849900132847225,11.050606349424346,78.0
-0.9945644032162365,30.379676844906058,4.029043232147532,12.593305031438959,15.627968099386914,12.081490350198525,0.9968470024354275,338.95063519904846,153.1839050391221,0.579526477528701,16.222896643148196,3.779268703739038,11.498846852764588,78.0
-1.0495447291769715,26.02392738523607,3.323719642722891,10.684406251547506,24.20430826014698,24.646373581808117,0.9830178001959737,261.3443990816571,140.92044893652783,0.38553660607289386,18.38840220823363,3.0214591970197207,10.286231963876245,78.0
-1.073290035986679,23.828465968703913,2.0047613232911576,10.067729797136167,24.57117354219953,12.483159746615925,0.9881705270907285,262.73840588364317,158.36103397585904,0.4325033532638559,19.618533287956787,4.239155089198816,11.94063659022452,78.0
-0.757096465589952,32.66787094240964,3.635148175747178,6.562090728664378,17.09842843190697,22.25602390192778,0.9996582032961179,265.84399587074387,136.27624666403108,0.22329668865780167,17.905684511280896,4.8250044935948395,7.115200484088461,78.0
-1.071605838463285,32.24560330399146,2.8769524304063374,11.304705246353075,22.782885692247646,10.750305588921687,0.9971408737658817,347.47542761129836,163.86603877736715,0.377886081316306,17.196381003194432,3.438500967231694,5.031244767669953,78.0
-1.1499509532777465,26.962056251576865,4.639301216825984,11.181165355347346,19.333862491289953,33.46765133858058,0.9950216337637275,303.1640287991582,169.0754154659375,0.6206876236895319,19.179433620717003,3.828662036509291,12.07013492555341,78.0
-0.7531699932743321,23.74799977688074,2.006970394829684,6.320317252972432,20.350154856463885,16.643602462413195,0.9960543084412836,270.67081202682095,177.81055967777593,0.22584805834253252,15.279697221400792,3.9760166589656576,14.916323355648215,78.0
-1.1002890698293497,29.31500333726683,2.147732764812377,12.304251847425947,19.689925362631342,19.829838907309288,0.9814500566552183,309.89130255814416,177.25641771940906,0.4948791980319688,11.41564550421951,3.026509652331744,15.204297268016218,78.0
-0.9059541561696459,33.94503845030184,2.869685884837506,8.383999318697668,23.733149549606757,30.155901379151594,0.9916838777933805,280.5986677984502,166.66584001033772,0.4026473631301287,18.541217803062096,4.713162024936795,4.147783459551844,78.0
-0.9531630004506153,20.160690342286944,4.7780434392281075,7.157075859401556,22.280925794544864,20.329733082742734,0.9952542233905758,318.6413058474858,141.0547563566912,0.6106126529537265,15.054484360627097,4.616732759261291,12.100477610273852,78.0
-0.934107706601067,22.745351076184306,2.118776261399322,6.680734651607751,19.460980473679967,13.564921573014573,0.9814620351828088,325.42802869432126,177.1852074086685,0.42014054449493765,19.43717760938364,3.2739682129194203,14.485552869571483,78.0
-0.7695854289422093,23.669204569376504,4.090475481165942,8.467390995665095,15.024801150858867,12.52154214384382,0.9836179154528216,254.05271790581995,170.60899791136094,0.31905530786288744,12.462293462320375,3.0271109658981588,12.877854073728018,78.0
-0.9360063375100117,25.33426268339452,2.622457372185261,11.709739444891026,27.359204057132402,18.99920269290928,0.9813128886778043,272.8719852790081,159.9776751215663,0.25165744011234814,11.18975136944951,4.202221355673485,15.8120055181882,78.0
-1.0898486416713644,27.848138223705263,3.5621343867841095,11.101962046607948,20.382872116283693,14.804858144300937,0.9866412367411921,306.35097293646174,178.86857350054197,0.5028265855075175,20.955101195784007,4.852142545693377,8.883597665194543,78.0
-1.0738760830341354,23.78565216523988,3.6150061771705237,11.77947105401699,18.853189570043668,27.319330569151663,0.9869535675048277,344.95563729965136,149.12042048106076,0.5840196471879233,15.602932628723966,4.061997110770735,5.248787258965808,78.0
-0.9206131379544967,27.78069684433047,2.6356375778039873,11.889720739569848,23.657356267934958,32.18898757609784,0.9999318784238808,255.90798926930088,145.8896893117197,0.2279052441279666,21.05890806505206,4.824326769990516,5.436342898313364,78.0
-1.0135525713770335,30.19344516932914,4.368268057204005,10.960961490396773,25.811296538246534,17.668659635856727,0.9812915450980764,278.74879385081783,173.98527690735466,0.5370718757654986,11.493020189984453,4.493812943708685,5.239614834853902,78.0
-1.1207420975506759,32.67621595783202,4.156470747969567,9.884551835334594,23.71420687759108,15.500239139850219,0.9844137511170321,303.3445450703591,133.5215119954819,0.6545475034599321,19.61847726865934,4.18090345057026,6.015700315360631,78.0
-0.9477849309846478,28.411780540903067,4.195204552987741,11.26951349760986,24.088634164519718,16.94924917549509,0.981229941057997,251.24843498299265,171.14428088728155,0.33769663752325446,15.452664291752711,4.48536189673285,10.280496829928245,78.0
-1.1290324119829225,23.728169743118258,4.277207050758253,12.483899831729738,24.8407169440842,16.763737683660345,0.9863026834985185,301.2963511693164,165.3956742666498,0.5110843057544652,15.190955159426013,3.961694035855709,15.755783565281671,78.0
-1.1851165014364196,32.2511198285451,4.996227656392595,6.540120338573019,27.9773278153206,18.263660609391636,0.9839188284229959,302.55647997114386,159.6309180591333,0.6267110746267219,15.694650324476173,3.21970250985423,7.979776356788626,78.0
-1.0227748491485196,26.71620497103764,4.479997837858592,10.083433145798248,25.46419203010978,21.025103126991667,0.9802058411580424,253.84413269296994,149.52410977066444,0.49518548673082363,21.002300089754975,3.562032782987429,7.061783317279646,78.0
-0.912410644795211,29.69813786636717,2.6460887895035974,6.156356074760863,22.02869774640128,11.970447743083819,0.9951372882171419,290.4111569333173,160.70844578446093,0.3172621548374912,13.829372266106715,3.2702437333398273,5.734163819861994,78.0
-0.8437440881439903,27.03839922488906,4.688663518562005,11.388690390226188,23.790854572121816,22.368559583481094,0.9996655942005636,278.9769993510738,149.95103934284265,0.3115783825841122,13.05263244230467,3.17019341960261,5.239693302497733,78.0
-1.142001086630433,33.40214359474426,2.075229895959755,11.725684586388663,22.659781936391866,15.354200152011138,0.9984755484974274,256.86526630715883,152.5429162657107,0.568922756764141,16.623034350546188,4.987319339914343,8.091510912186731,78.0
-1.2457213841182002,24.30952928306877,2.3222568964995216,11.047515959057295,24.46485239068332,20.923496863323923,0.993740106500144,319.3273234425408,177.56694180591944,0.6428836745673818,12.962212708326216,4.08923478251624,4.030938050342674,78.0
-1.0335482087097299,32.59996858384857,2.104214207635012,6.759667258409795,21.66313529378764,22.675391458199794,0.990063747616777,262.7717446434736,168.83098906990605,0.48934704278158203,21.184257799893857,3.534497914145838,5.469668880507436,78.0
-0.9839979326327115,26.42849420178017,4.505019060762594,10.601303481585186,26.612838835355795,19.23849331620935,0.98516740669395,290.0475106206361,149.8584981143515,0.3677148664087544,21.239788520264792,4.8489575441247865,11.876644314365025,78.0
-0.8987060960039543,21.89369488699601,4.43639025344482,8.041788394425517,27.57814988042203,17.8464554322886,0.9883690163811557,321.94867885417216,174.5573687631805,0.4689849776357495,18.62383154495441,3.7108739579552115,6.221023407987214,78.0
-1.0365654367294252,24.74615859096315,3.9834012457222308,12.519351493979375,25.836342167157994,24.01196487329655,0.9875720640263502,314.06807202719835,156.22384710052052,0.2840168747011371,17.373923491423355,3.244675184831574,14.324974629057897,78.0
-0.742502718791778,26.06700232566291,2.180777642027788,6.860183119856881,14.59429614730651,28.001560474101524,0.9999506148070912,309.88142876966737,137.16818377714145,0.25017175129826696,16.671952611449733,3.52817321767343,7.792148109777494,78.0
-0.9640636352619142,29.391488376072694,4.440868695376361,9.799153806715024,14.575742581829397,30.67661983714489,0.9885451496006201,292.7080701332682,149.85476486475045,0.5042954752763666,16.88300689896029,3.3149813498665655,7.114921770016858,78.0
-0.8893598507419492,32.67769297322649,2.0434394696508127,10.905965029244607,14.659029456221848,10.48449052366228,0.9821705363289999,323.98493107389936,167.5137529087142,0.314330391337231,12.709057393535597,4.246252276514855,7.673571202511393,78.0
-0.9598414461047463,22.124790783132664,2.3100574690234295,9.289791682649538,19.02260367557105,10.282165825225356,0.9801509158379605,297.6743332628271,145.20078837628984,0.5626560489551907,11.30850335256661,4.502821305988606,8.09227128251867,78.0
-1.0005733987129348,21.813701847271425,2.773403059921803,12.514913127940247,19.456738667433022,30.818024309210607,0.9812996626519754,301.44910124605616,137.70527551850364,0.6041499345593743,19.945056393272246,3.9407199758934466,15.299858909290494,78.0
-0.7662221522114665,21.201299959348013,2.295959764262921,10.74702516167124,16.395196463896394,29.41481359803808,0.9817326079455031,317.3189775575863,140.55925797159506,0.2668883155105253,13.465045273553175,3.3333166847862694,12.67750177608081,78.0
-1.042565297989458,26.951989030460304,3.227630209615446,12.493888349102756,23.292848785541512,27.966367984890102,0.9817634288287258,294.00285779743774,173.18049124485685,0.3848147357622972,21.341588754488686,3.4536880306721818,7.479478072018359,78.0
-1.0532521849018313,30.099967143135228,3.238401761940968,11.081128950971719,21.958072913304974,21.589222690736413,0.9901625825268401,349.81867713479966,133.69966570856178,0.44829392937622137,15.607108791071497,4.900128366949673,11.326719495487175,78.0
-1.0885400808160786,27.615785037711184,4.829411927262236,11.464367035761219,20.183672034048914,13.11472706829516,0.9951477090983389,312.05881861765585,175.7956726573615,0.5308214916491303,21.86468158522115,3.3509981622218987,4.941393035472306,78.0
-0.8063309596545998,22.72255016040859,2.68234054740419,12.526865295783134,19.06474608143123,11.643058526779273,0.9820135457678096,261.81320290931,146.7696296296901,0.255679594361677,19.490789580551155,3.449181145338972,12.719867276598464,78.0
-1.0172971391011114,28.50670268761807,4.685881820382169,8.369876959778791,22.046788446608474,24.740687029354216,0.9852820524942364,294.53204163593074,141.6334943835506,0.49660740904407863,15.802138104847984,3.6450156354549987,14.44899126579011,78.0
-1.0464725113761817,34.927542765835,4.777347211495872,11.828939940795276,24.58845546923348,27.259068793021157,0.9855654581136866,296.85676326462124,170.78452214775675,0.44478052951374847,19.12498029966651,4.804934432280772,14.877716316446602,78.0
-1.0442030763798915,30.596972602663936,4.080395162037633,8.393992468417057,24.14343448656812,16.597327396207284,0.9891753863946914,339.4741681438153,157.58743533126756,0.4107314836337201,12.497240263309193,3.133020007721778,8.130283565604564,78.0
-1.05408564073822,24.02712384998274,4.809175838483975,12.057950969974968,28.9745529180382,20.165130974542173,0.9996788015122211,321.9168652078271,161.9095731486082,0.5307320544612687,13.57779944175573,3.206555059732888,4.104105643530087,78.0
-0.9782454841193439,20.22164283761513,4.0607995595409925,10.415551554606338,28.30223692022146,19.11313454539023,0.9923923430510924,291.6049056525705,148.459404274814,0.47924333032607436,12.394828947194988,3.8300042017206133,14.064559699319414,78.0
-1.0058337875229264,32.3680955550733,4.756896843706297,7.8615407690016115,22.227877232636168,25.39033104084627,0.9808033389443824,282.2210162873572,164.7210053735695,0.44121164167193866,19.932916759066543,4.577108668129284,7.108297544957404,78.0
-1.0118895410413153,25.973388807760116,4.90490928359004,10.066994464715805,22.148621334360584,19.454177705828624,0.9886339948470299,327.46013441974634,141.84522193393627,0.4882212063684851,14.633304814983635,3.721024129976872,14.257788425159939,78.0
-1.1507868557313885,25.945422423935604,4.743858467005545,11.447547629850348,24.077633233158465,16.64809722696161,0.9953114604184605,265.6417954513204,175.4030513724232,0.6174073206446282,11.743444755210842,3.870736510667924,14.279936183999135,78.0
-0.7719245361770474,24.562761856257925,3.399730984392191,8.451403303823987,16.007486878418373,13.751140157757707,0.9955028400259885,290.53057284017814,148.71882035346846,0.32136948174327384,21.61102173636321,4.158586228988517,10.185022097409407,78.0
-0.9820002433863855,20.560757107288676,4.157365404796796,7.624823721741359,26.85577439030996,27.100500201938317,0.9960332066501735,321.9884490131054,149.77584425777385,0.5513780749946029,20.489123126640905,3.5524539549675733,9.951601258141928,78.0
-0.8142374340048626,22.631591614983567,2.4061172355452864,7.190811774469015,26.622616832305024,31.775994554578684,0.9936218576389131,302.8935902795381,148.90693556008654,0.34518382675177434,19.824116779437304,4.810635672272285,6.905863546935853,78.0
-0.9243007222922719,24.38679298544444,4.021403188309176,8.258369412662848,19.58742531874784,18.111275475963197,0.9837107983469981,274.09378036386323,144.79354219525743,0.557326639829529,11.425420108830899,4.23091414603672,12.013231039939015,78.0
-0.7616518860217416,34.20772446963798,4.111095201487754,9.18198999303633,15.521582426660418,26.44477257328296,0.9833835877072461,256.4733860790509,143.48763039775363,0.2606455277913821,11.070271628264532,4.769971343759549,10.595250674969249,78.0
-0.9173176911509041,28.105820183392595,4.820780987788362,8.711718718552447,22.01850826830978,10.707121115275473,0.9834596474519761,259.31865249295396,165.45217761703864,0.3693995695102454,14.399819019880827,4.88448057841131,13.713517232343637,78.0
-0.9075320943517876,24.44138892746366,4.779498770141933,10.57797057424619,21.638824859217067,17.155065868791276,0.982838640745181,286.1255760828097,134.92148188501776,0.4351612299915995,17.088806782857446,3.5595270908137406,5.395766868933714,78.0
-1.0150648665893214,24.958201102793197,3.1343050508177193,6.593305759877722,22.954834496330765,25.245544401733405,0.983950541339925,269.4033431960992,143.57962357587044,0.5118781665492538,21.81278740832997,3.9317990796575084,10.764906241493746,78.0
-1.135803563067642,20.07593802733377,4.098509921962006,10.696121419146483,28.944718297622387,32.05691987034653,0.9967876248875949,260.68832283768717,177.9910512870198,0.5532396478418315,19.44410843169681,3.94612566250957,9.731296133259143,78.0
-1.0589032295406782,32.962064102885286,4.46987777032481,9.486672688632606,14.669894499683164,18.484285691681603,0.9997800811922887,264.1764438385161,175.73278356949376,0.590261853527383,13.363349419535943,4.841421124297932,12.016886767059757,78.0
-0.801291702973799,27.687912536988335,3.337627653904957,6.523349658686286,28.732261665725026,26.28351202100196,0.9872097596745733,327.90306260958783,167.21233572756068,0.28290813417283056,17.92221712550586,4.742445591117167,11.03219683777585,78.0
-1.0616909741520222,25.49771376578114,2.7446761295642212,7.007887504261744,28.96556148122521,17.95467145610094,0.9866486616609927,315.0267303978541,164.36903215346433,0.5127826851134791,21.481099537511952,3.234117278848099,12.35300645128327,78.0
-1.0890241917565804,26.785258713144195,4.148911123166682,12.819865563214698,28.159382625765225,27.963824562137752,0.9994312249975447,263.6574243588385,160.31672126075009,0.3883616352700723,14.248029285493192,3.4419239168957434,10.798095955578527,78.0
-1.0946904308860947,27.023268142180267,2.768118315992607,10.319331751529518,25.931588813343268,27.39747343286197,0.985872605608521,329.5674569812609,140.2970025414885,0.45167717166355026,16.015653439052297,3.050258216335749,15.733854155663655,78.0
-0.9165113826424569,28.342907548075583,2.871369259484024,9.286476636679522,25.71115943826492,33.00294440527239,0.9847400261511466,256.39515760009397,164.96477439519091,0.4800573191557229,11.31452058053793,4.008855336959039,9.252194284062401,78.0
-1.0366823145359103,23.459125410249186,3.1818717762256945,10.657122616875046,19.116552255560507,10.771318613353301,0.9842803960224128,259.80609218478105,160.71901973327763,0.592093787300064,12.811188185217961,3.678709503386312,12.113937502188342,78.0
-0.8350906738887811,30.816724365793355,2.5838369229353058,11.508805685346617,16.384795207659526,17.374544031310656,0.9947722782599381,285.62778215580505,137.43418622614575,0.30796277657707877,13.311153289985288,4.613936427079482,14.728234945415533,78.0
-0.7618923974652145,24.582420050651514,2.39159060456173,7.696631003276277,14.750967686990556,28.509298001578895,0.9946136228681972,311.2998676979636,138.7041850297002,0.2761908741798801,15.99018288709975,3.575663046356359,8.841162606311372,78.0
-0.7705409493086143,32.623287572324344,3.5323195069205786,8.517031572107832,15.941253363174313,26.898012860371214,0.9873113622672426,257.75854474832016,143.96218544551252,0.2969877668080231,12.125069475145901,4.573832567010454,8.812109208788977,78.0
-0.8139845534464021,22.255109391988857,2.76067236675439,9.410244591844135,15.196225298460707,29.274750439496568,0.9856086001779422,315.09876184041474,141.53219529844083,0.3105881951032625,14.80611912364548,3.679019325168285,10.852119255824705,78.0
-0.7276968009216167,23.604712208144186,4.60742479850745,8.296743574483735,16.627295348081937,19.742815956885725,0.9970308383351176,265.4008706616141,165.337554796662,0.22,17.30174240216988,3.743338092203688,14.918551612088764,78.0
-0.6542170400321666,27.89687942231828,3.7591403276309183,7.635139180451578,14.798805467754484,17.518471065392163,0.9947212659909379,348.82714723051015,169.52216927085843,0.22,12.039975715177926,4.257019369894973,7.626533543424312,78.0
-0.7111809072352602,22.98419651666608,4.1625493436654315,7.2755479089945005,15.62869461231761,15.310847797969402,1.0,269.0639088553703,171.060930673042,0.22,14.829326871166959,4.033237933514323,14.038954390125882,78.0
-0.6521280317388588,27.346589098422424,3.697464740410863,7.963968848600965,14.119137164901666,17.97369700269105,0.9932239829518866,348.7420447671055,168.1393104270949,0.22,12.98599411778423,4.198361396124413,7.84787446568563,78.0
-0.6499380937287799,26.507548299037584,3.6830535250700938,7.658392825783615,14.409963972021572,17.40320972014757,0.9951354094897433,347.52192668877206,169.06358378238414,0.22,12.371278785816958,4.1143513179387865,8.035903822614307,78.0
-0.6984149594588328,22.59785421804311,5.0,8.244519676701813,14.631421719547888,16.87944087115126,0.9980469292346972,264.9982069608908,168.56333112282675,0.22,16.02949704242769,3.9479958081382325,14.08006557551389,78.0
-0.7121319293179761,22.53753276685019,3.5649733439730404,6.0,15.88464886754183,18.114931483178925,1.0,265.1456918293423,168.78385541704213,0.22,16.46497806995388,3.873818135533984,15.954414988022851,78.0
-0.6963430681621718,21.766944373833347,4.424236420802376,7.160593259890503,15.206171232722632,18.84896291010743,1.0,267.31288765180386,167.55389512848387,0.22,14.521081855901913,4.656026212926746,13.644995455210708,78.0
-0.7278463564931632,22.089047346690414,3.017565606287218,8.989657186940507,14.151033888041555,18.67432011829369,1.0,267.11489222979515,168.20401653012775,0.22,15.872813508289676,3.01057122832807,15.197987196746983,78.0
-0.7139948151387148,22.07135373325558,5.0,6.138852791489823,14.930921731601124,18.195376950927702,1.0,266.9671398557943,167.98963747985687,0.22,17.47331398546647,3.0,12.834718214524974,78.0
-0.6902447925714703,24.23269877091848,5.0,6.0,14.005730312396153,18.149141783426998,1.0,265.84824399983563,167.26453937017132,0.22,14.440274350661996,3.0,14.37463325505028,78.0
-0.7094484938347696,26.489208527021972,2.177087766430699,8.17531010305013,14.0,17.413902877694056,0.9930870237804067,348.9943725875989,168.93394827274088,0.22,11.803926235613373,3.9520932250771965,7.977976228041541,78.0
-0.6699908284404839,25.63535030805836,4.4145276045971675,6.0,16.366163833968585,19.437008946948307,0.9908512119152363,296.2772198714975,143.79346840486895,0.22,16.32426140570147,4.064137353578255,6.129885003183261,78.0
-0.7079598109020266,24.785306566452594,3.4221990498298456,6.0,16.214855391337988,21.62715545248996,0.9993487117773686,295.0191317131877,146.77852098619678,0.22,17.155207639684406,3.783462184332497,7.2191978355431194,78.0
-0.7079531964679688,25.49255931855917,4.7188003772965,6.0,15.690882062314047,17.437819327708834,0.9943084189328334,294.11473257145957,143.29432381981997,0.22,18.196832096790803,4.009371152768691,7.678736246085167,78.0
-0.6558600208914045,26.002835119228553,4.3149395011290865,6.0,14.252485904414655,17.754692572749132,0.9923429046257088,297.9738752561039,145.46280571649353,0.22,15.964204643993721,4.715458601457254,6.077677317218579,78.0
-0.6664790998791333,26.37461463901398,4.4546372414349635,6.0,14.203493063310274,17.902771258411214,0.9947144135851163,298.1159312791964,142.06406445106288,0.22,15.49482688734964,4.575492223247872,6.001888657504575,78.0
-0.6656503954164407,24.955819180597665,5.0,6.0,15.502234674922027,17.768659382825316,0.990009912664574,298.52071607302315,143.73125376469645,0.22,17.26400820822994,5.0,4.495676341497516,78.0
-0.6250843620075578,27.36637958702928,5.0,6.4393852889795795,14.0,17.25971667543134,0.9996531810897675,348.135311923444,168.54402893185969,0.22,12.484402705256203,4.61909979972223,7.953656703452047,78.0
-0.6729870556416941,24.564003259400174,3.7260933616450234,6.0,14.450005183684741,20.685306510909697,0.9838753117347167,300.46487940355183,145.0547269269599,0.22,14.885293585751874,3.9971429322468857,5.316458268323842,78.0
-0.6755271427379946,23.150467163195515,5.0,6.0,14.603464545879783,18.012873054215834,1.0,298.18649128817435,144.42112404626297,0.22,15.334164114971548,3.0,6.783039619721151,78.0
-0.6868272501035759,25.08326730536263,2.0,6.0,14.127574003700792,18.437667283814434,0.98,298.22695244630546,144.22821846207913,0.22,17.30072402652587,3.0,5.349646643937852,78.0
-0.6687124001003543,26.124153855948137,5.0,6.0,14.962556803363938,18.21424939556838,0.98,297.99192649311607,144.64383957804506,0.22,14.100857010276327,3.0,4.0,78.0
-0.6828198229415458,22.300770769000625,3.783597847915494,7.911136676674741,14.674246027989055,29.17330065777235,0.9860664722549884,339.53998740881894,134.28059589876753,0.22,18.811091273759665,4.3615180688472215,8.805669327267225,78.0
-0.6844972306394687,22.094975201958068,3.693788566457263,7.6987574627465865,14.0,26.155998350192498,0.9872740603063224,334.5585578003883,133.92265872320672,0.22,17.30390743053791,4.500613755753754,7.7224166008280895,78.0
-0.6629397507778653,20.771584523832363,3.974735356252258,6.645165186900688,14.0,25.34293847511459,0.994666974302969,336.65432017521454,134.76249492988697,0.22,19.956975148741744,4.746752913125501,10.888642816189844,78.0
-0.6921235319042959,20.073885947114913,3.8526769057234564,6.134950331130118,17.094327106360616,26.16276261586943,0.98,337.05922719129535,134.1925107672344,0.22,19.617329372339714,4.959403449396024,7.934396258941956,78.0
-0.7002625580072731,20.0,5.0,9.970051267345431,14.0,26.23486088334452,0.98,336.5090304660715,134.58961362910668,0.22,20.33852314240538,3.430144922642066,8.773694728196459,78.0
-0.8976768177204599,20.683231399641432,2.0,6.0,14.0,28.042402000683918,1.0,335.5910806831122,135.45663257798554,0.66,19.96466904713148,3.0,9.243873930606032,78.0
-0.6688154875917353,21.87230379833902,5.0,8.155693246860624,15.018285941225642,24.535214432104265,0.98,337.88537861008786,133.55777745204466,0.22,18.017730790237653,5.0,9.741809620076415,78.0
-0.6604057069134056,28.12385471279212,5.0,7.253298683931255,14.0,16.897852843532426,0.9857043355174987,347.97356037829525,168.4742235386288,0.22,12.111952844847472,3.0,9.529845818610367,78.0
-0.6531186943607549,22.76152046741067,5.0,7.275029010993955,14.0,24.886936348655798,0.98,337.105089327725,133.3737220023904,0.22,21.15850395670348,5.0,8.186993444885976,78.0
-0.6613882263310543,20.45368713625359,5.0,7.2109236207958975,14.030472172482893,22.445201689150842,0.98,334.1988895199322,134.02448720872056,0.22,19.457249622781912,5.0,9.218386599172925,78.0
-0.6583069369142627,20.754784644228355,5.0,7.791569776368725,14.84427184352373,27.317742681699993,0.98,341.56505127701604,133.0,0.22,21.40862995543951,5.0,9.747797118328142,78.0
-0.6446717407892573,26.612228877834053,5.0,6.593061127633017,14.0,17.014410350601896,0.98,348.63663845395615,169.15061067025997,0.22,13.204761729773548,3.0,6.353021281168633,78.0
-0.6769721431801626,22.109129859123694,5.0,8.43563242228942,15.965478559026197,26.99679480121802,0.98,337.69071029518926,133.0,0.22,21.23010087315981,5.0,11.298016106990783,78.0
-0.6899720401469156,22.160980215264736,5.0,9.424259634483068,15.349645071007718,28.51094186393288,0.98,340.924688638271,133.0,0.22,19.64950733418704,5.0,5.600647889274113,78.0
-0.6199538284972385,26.3483996503959,5.0,7.011927396765985,14.0,17.428277363516955,0.98,349.18105359626276,170.1126146632096,0.22,13.718005071250825,5.0,8.641462334810038,78.0
-0.6863732452217287,21.320555739798017,5.0,6.0,15.780715181205235,24.50796242383928,1.0,267.2050018608368,162.01022758089735,0.22,14.353891778960469,4.67822337268649,13.616270461732565,78.0
-0.8895357546335002,26.778819122085874,5.0,8.189821456101528,14.0,15.908335307898346,1.0,348.6602828041611,169.20248621133936,0.66,13.196506848607768,5.0,7.670048577463828,78.0
-0.6601512663413259,23.07331380651555,4.040993787644731,6.0,14.0,19.0557291551004,0.9928011462407318,298.5206338287224,150.27941291381967,0.22,15.710581065808901,5.0,4.506818889135439,78.0
-0.6490346881712779,26.54856500715571,4.409984710776426,6.0,14.0,19.76662267096064,0.98,348.7904026050864,169.79157635219087,0.22,12.937647741936077,3.5163395017366352,8.759623751427675,78.0
-0.6410871497289866,23.294299191624937,3.4356396622860514,6.0,14.0,19.17149149422527,0.98,296.7756265647877,146.0180055418533,0.22,14.624938496316469,5.0,4.272092133330317,78.0
-0.6718553377368002,23.814651416579245,5.0,6.046256275520874,16.382366989279614,28.212946116679618,0.98,341.6470097147232,133.0,0.22,20.048607663909266,5.0,8.661814187386787,78.0
-0.6245076670678198,26.958684575824645,4.153698150275993,6.0,14.48704371048398,17.889281171203322,0.98,348.67969353759497,169.46019024060558,0.22,13.458036576356882,4.177519868309578,8.494032513459624,78.0
-0.6312850507870135,26.89960500889579,5.0,6.610803441890245,14.0,18.623314724907672,0.98,348.2820511469448,169.12675482951522,0.22,11.842511746738714,4.011213023106984,7.6653475701258165,78.0
-0.6709730228110599,24.103618216464778,5.0,6.0,14.0,20.266710139823477,0.98,297.36763729063256,146.9859955000773,0.22,16.624184262491617,4.024558696395876,4.056525896011207,78.0
-0.6616181777045707,23.763589177513975,3.15048001470003,6.0,16.53337175089412,18.904504966019488,1.0,298.50028546024066,147.3959156667698,0.22,14.548714615475523,5.0,4.630137568549726,78.0
-0.6824222118420188,21.94890281864193,5.0,7.814044000669875,15.483149221420504,25.709300558776675,1.0,339.8334094084514,135.80542536734967,0.22,20.94849177846837,5.0,9.077026855727174,78.0
-0.6490396875712234,20.0,5.0,6.556764997327925,14.0,25.733520071027147,0.98,338.20456761711733,133.0,0.22,19.451800872395363,5.0,8.617446742869834,78.0
-0.6163858199773368,25.959933621373633,5.0,6.608391847225089,14.0,18.689074604378774,1.0,349.5195998428631,170.9707966268428,0.22,14.019719305423319,5.0,9.413812121188386,78.0
-0.6644129306564204,22.799044686157732,3.066895624701691,6.0,14.0,16.45271524388217,0.98,295.1154805904561,148.97309726292588,0.22,17.546755173662635,5.0,5.944059777854308,78.0
-0.6660724209048139,28.280494516148185,3.6189745397973,6.226839318084907,14.0,17.92806840662266,1.0,347.03009668818805,168.32484879337395,0.22,12.43002417897216,3.0706931755305815,7.2902018626008935,78.0
-0.6336867832523068,23.74623633508651,3.895656355314095,6.0,14.0,19.046719119949916,0.98,296.32269664322916,149.19956950601693,0.22,13.279652236180914,5.0,7.084117566290253,78.0
-0.6871540137898633,22.015191950268516,2.0,6.0,14.0,19.536885778154115,0.98,297.76352344849136,148.6594765029518,0.22,15.057035019072991,5.0,7.5242117293945725,78.0
-0.6764662716350285,25.689805049701445,2.296566106274842,6.0,14.0,18.609218198075183,1.0,295.99393638550134,149.99740853452604,0.22,14.13572788759116,5.0,4.782246566120892,78.0
